"mcg" "gvh" "alm" "mit" "vac" "nuc"
"1" 0.58 0.61 0.47 0.13 0.48 0.22
"2" 0.43 0.67 0.48 0.27 0.53 0.22
"3" 0.64 0.62 0.49 0.15 0.53 0.22
"4" 0.58 0.44 0.57 0.13 0.54 0.22
"5" 0.42 0.44 0.48 0.54 0.48 0.22
"6" 0.51 0.4 0.56 0.17 0.49 0.22
"7" 0.5 0.54 0.48 0.65 0.53 0.22
"8" 0.48 0.45 0.59 0.2 0.58 0.34
"9" 0.55 0.5 0.66 0.36 0.49 0.22
"10" 0.4 0.39 0.6 0.15 0.58 0.3
"11" 0.43 0.39 0.54 0.21 0.53 0.27
"12" 0.42 0.37 0.59 0.2 0.52 0.29
"13" 0.4 0.42 0.57 0.35 0.53 0.25
"14" 0.6 0.4 0.52 0.46 0.53 0.22
"15" 0.66 0.55 0.45 0.19 0.46 0.22
"16" 0.46 0.44 0.52 0.11 0.5 0.22
"17" 0.47 0.39 0.5 0.11 0.49 0.4
"18" 0.58 0.47 0.54 0.11 0.51 0.26
"19" 0.5 0.34 0.55 0.21 0.49 0.22
"20" 0.61 0.6 0.55 0.21 0.5 0.25
"21" 0.45 0.4 0.5 0.16 0.5 0.22
"22" 0.43 0.44 0.48 0.22 0.51 0.22
"23" 0.73 0.63 0.42 0.3 0.49 0.22
"24" 0.43 0.53 0.52 0.13 0.55 0.22
"25" 0.46 0.53 0.52 0.15 0.58 0.22
"26" 0.51 0.51 0.52 0.51 0.54 0.22
"27" 0.59 0.45 0.53 0.19 0.59 0.27
"28" 0.57 0.47 0.6 0.18 0.51 0.22
"29" 0.63 0.67 0.57 0.24 0.49 0.22
"30" 0.8 0.88 0.36 0.39 0.56 0.33
"31" 0.53 0.54 0.43 0.1 0.57 0.32
"32" 0.51 0.51 0.43 0.87 0.52 0.22
"33" 0.38 0.61 0.61 0.12 0.53 0.47
"34" 0.33 0.55 0.51 0.43 0.51 0.22
"35" 0.78 0.74 0.42 0.26 0.43 0.22
"36" 0.74 0.67 0.47 0.34 0.42 0.22
"37" 0.72 0.61 0.45 0.3 0.54 0.25
"38" 0.4 0.45 0.57 0.18 0.56 0.26
"39" 0.59 0.53 0.43 0.44 0.5 0.22
"40" 0.57 0.53 0.53 0.34 0.53 0.22
"41" 0.86 0.68 0.39 0.24 0.54 0.22
"42" 0.86 0.74 0.51 0.4 0.55 0.22
"43" 0.79 0.57 0.41 0.28 0.59 0.22
"44" 0.41 0.54 0.39 0.2 0.51 0.22
"45" 0.37 0.36 0.56 0.18 0.48 0.26
"46" 0.53 0.31 0.58 0.39 0.47 0.37
"47" 0.74 0.75 0.58 0.47 0.4 0.35
"48" 0.49 0.39 0.52 0.29 0.48 0.22
"49" 0.74 0.57 0.51 0.28 0.58 0.22
"50" 0.42 0.24 0.34 0.16 0.5 0.22
"51" 0.48 0.39 0.51 0.21 0.52 0.28
"52" 0.41 0.53 0.45 0.14 0.52 0.66
"53" 0.45 0.46 0.55 0.43 0.55 0.38
"54" 0.56 0.48 0.58 0.27 0.51 0.22
"55" 0.64 0.59 0.56 0.23 0.46 0.22
"56" 0.64 0.56 0.56 0.22 0.45 0.22
"57" 0.66 0.62 0.49 0.1 0.49 0.22
"58" 0.53 0.44 0.51 0.33 0.55 0.22
"59" 0.38 0.49 0.53 0.19 0.5 0.22
"60" 0.45 0.58 0.48 0.67 0.52 0.22
"61" 0.43 0.35 0.52 0.52 0.54 0.22
"62" 0.37 0.32 0.47 0.18 0.45 0.25
"63" 0.48 0.43 0.51 0.32 0.52 0.43
"64" 0.41 0.46 0.59 0.19 0.58 0.27
"65" 0.54 0.48 0.44 0.08 0.52 0.27
"66" 0.6 0.47 0.45 0.22 0.51 0.29
"67" 0.34 0.46 0.57 0.09 0.55 0.22
"68" 0.48 0.54 0.55 0.12 0.51 0.22
"69" 0.47 0.39 0.59 0.15 0.57 0.22
"70" 0.81 0.85 0.47 0.37 0.56 0.22
"71" 0.48 0.42 0.52 0.24 0.56 0.22
"72" 0.58 0.51 0.49 0.27 0.57 0.29
"73" 0.6 0.5 0.44 0.61 0.47 0.22
"74" 0.45 0.55 0.54 0.66 0.47 0.22
"75" 0.46 0.49 0.58 0.23 0.44 0.22
"76" 0.49 0.42 0.56 0.55 0.42 0.25
"77" 0.63 0.53 0.54 0.4 0.5 0.22
"78" 0.5 0.54 0.53 0.54 0.51 0.27
"79" 0.63 0.57 0.59 0.4 0.38 0.22
"80" 0.43 0.57 0.51 0.49 0.48 0.22
"81" 0.48 0.45 0.55 0.5 0.53 0.22
"82" 0.5 0.58 0.46 0.46 0.46 0.22
"83" 0.51 0.54 0.6 0.57 0.58 0.22
"84" 0.54 0.52 0.63 0.37 0.46 0.22
"85" 0.67 0.62 0.4 0.43 0.5 0.22
"86" 0.28 0.58 0.21 0.13 0.51 0.22
"87" 0.39 0.44 0.35 0.16 0.55 0.22
"88" 0.8 0.63 0.45 0.29 0.51 0.22
"89" 0.5 0.52 0.59 0.3 0.51 0.35
"90" 0.42 0.47 0.52 0.41 0.53 0.32
"91" 0.36 0.46 0.62 0.46 0.51 0.33
"92" 0.46 0.38 0.47 0.22 0.52 0.27
"93" 0.4 0.45 0.56 0.2 0.45 0.22
"94" 0.33 0.43 0.64 0.16 0.52 0.52
"95" 0.49 0.61 0.49 0.25 0.5 0.28
"96" 0.38 0.5 0.37 0.26 0.43 0.22
"97" 0.69 0.7 0.52 0.36 0.46 0.22
"98" 0.61 0.72 0.39 0.33 0.58 0.22
"99" 0.78 0.75 0.4 0.28 0.53 0.22
"100" 0.64 0.57 0.57 0.27 0.37 0.22
"101" 0.36 0.58 0.35 0.24 0.44 0.22
"102" 0.36 0.43 0.39 0.12 0.49 0.22
"103" 0.47 0.52 0.5 0.4 0.41 0.22
"104" 0.48 0.23 0.57 0.27 0.48 0.47
"105" 0.47 0.39 0.55 0.24 0.47 0.22
"106" 0.44 0.59 0.36 0.16 0.52 0.22
"107" 0.42 0.35 0.54 0.18 0.56 0.22
"108" 0.3 0.56 0.55 0.18 0.5 0.22
"109" 0.65 0.65 0.52 0.16 0.6 0.22
"110" 0.27 0.6 0.48 0.23 0.55 0.22
"111" 0.45 0.41 0.5 0.46 0.5 0.27
"112" 0.44 0.52 0.41 0.23 0.51 0.22
"113" 0.3 0.32 0.57 0.19 0.48 0.55
"114" 0.4 0.44 0.49 0.47 0.49 0.27
"115" 0.45 0.51 0.5 0.16 0.52 1
"116" 0.45 0.45 0.5 0.6 0.49 0.22
"117" 0.59 0.67 0.56 0.41 0.47 0.22
"118" 0.47 0.47 0.57 0.48 0.48 0.22
"119" 0.35 0.52 0.48 0.22 0.26 0.22
"120" 0.47 0.41 0.66 0.26 0.53 0.22
"121" 0.64 0.62 0.29 0.28 0.51 0.22
"122" 0.55 0.53 0.55 0.46 0.52 0.22
"123" 0.67 0.62 0.54 0.43 0.53 0.22
"124" 0.59 0.6 0.49 0.43 0.53 0.31
"125" 0.54 0.55 0.34 0.31 0.54 0.22
"126" 0.58 0.62 0.54 0.17 0.48 0.22
"127" 0.4 0.38 0.53 0.16 0.52 0.27
"128" 0.46 0.71 0.48 0.53 0.53 0.22
"129" 0.53 0.51 0.55 0.05 0.45 0.25
"130" 0.41 0.4 0.59 0.47 0.48 0.43
"131" 0.5 0.64 0.57 0.15 0.47 0.22
"132" 0.4 0.62 0.52 0.31 0.49 0.31
"133" 0.6 0.5 0.57 0.25 0.41 0.26
"134" 0.62 0.51 0.52 0.42 0.54 0.27
"135" 0.35 0.58 0.54 0.16 0.51 0.22
"136" 0.34 0.54 0.5 0.21 0.54 0.31
"137" 0.39 0.58 0.5 0.26 0.54 0.59
"138" 0.48 0.54 0.5 0.17 0.53 0.22
"139" 0.29 0.32 0.58 0.15 0.5 0.3
"140" 0.47 0.32 0.64 0.3 0.63 0.22
"141" 0.39 0.47 0.56 0.16 0.47 0.22
"142" 0.58 0.48 0.51 0.47 0.55 0.22
"143" 0.64 0.6 0.57 0.19 0.43 0.22
"144" 0.37 0.46 0.4 0.27 0.45 0.22
"145" 0.43 0.57 0.53 0.16 0.54 0.22
"146" 0.28 0.37 0.61 0.09 0.52 0.55
"147" 0.59 0.48 0.5 0.14 0.45 0.25
"148" 0.39 0.55 0.48 0.31 0.54 0.29
"149" 0.26 0.36 0.47 0.34 0.53 0.72
"150" 0.51 0.34 0.5 0.19 0.5 0.22
"151" 0.58 0.5 0.5 0.12 0.48 0.25
"152" 0.44 0.39 0.53 0.14 0.54 0.44
"153" 0.41 0.39 0.44 0.34 0.48 0.4
"154" 0.45 0.43 0.51 0.24 0.54 0.33
"155" 0.36 0.68 0.46 0.16 0.53 0.28
"156" 0.42 0.31 0.5 0.15 0.53 0.22
"157" 0.42 0.43 0.56 0.1 0.49 0.22
"158" 0.67 0.71 0.52 0.65 0.53 0.36
"159" 0.49 0.47 0.53 0.16 0.48 0.27
"160" 0.71 0.59 0.48 0.43 0.59 0.22
"161" 0.4 0.42 0.71 0.21 0.54 0.32
"162" 0.4 0.42 0.71 0.21 0.54 0.32
"163" 0.54 0.49 0.49 0.2 0.52 0.22
"164" 0.42 0.51 0.5 0.12 0.52 0.46
"165" 0.57 0.51 0.53 0.18 0.56 0.25
"166" 0.35 0.45 0.43 0.11 0.56 0.22
"167" 0.42 0.42 0.42 0.2 0.49 0.22
"168" 0.26 0.5 0.33 0.28 0.51 0.22
"169" 0.39 0.42 0.38 0.4 0.49 0.47
"170" 0.26 0.44 0.3 0.11 0.51 0.47
"171" 0.31 0.44 0.53 0.23 0.51 0.32
"172" 0.48 0.61 0.44 0.2 0.47 0.22
"173" 0.66 0.45 0.5 0.23 0.49 0.22
"174" 0.21 0.41 0.55 0.11 0.5 0.27
"175" 0.38 0.68 0.44 0.45 0.53 0.22
"176" 0.44 0.38 0.48 0.32 0.53 0.22
"177" 0.31 0.31 0.56 0.33 0.52 0.33
"178" 0.49 0.31 0.49 0.35 0.51 0.29
"179" 0.38 0.37 0.56 0.21 0.49 0.22
"180" 0.39 0.4 0.53 0.67 0.47 0.22
"181" 0.24 0.34 0.69 0.18 0.52 0.22
"182" 0.49 0.43 0.51 0.13 0.47 0.22
"183" 0.54 0.38 0.52 0.18 0.48 0.22
"184" 0.43 0.57 0.53 0.53 0.53 0.25
"185" 0.48 0.64 0.61 0.23 0.6 0.22
"186" 0.31 0.55 0.52 0.17 0.52 0.22
"187" 0.32 0.57 0.5 0.15 0.53 0.22
"188" 0.32 0.42 0.52 0.24 0.6 0.22
"189" 0.59 0.5 0.52 0.28 0.55 0.25
"190" 0.37 0.42 0.51 0.11 0.57 0.22
"191" 0.75 0.7 0.38 0.27 0.49 0.22
"192" 0.61 0.72 0.31 0.33 0.56 0.22
"193" 0.44 0.42 0.6 0.21 0.57 0.22
"194" 0.52 0.51 0.51 0.54 0.55 0.27
"195" 0.63 0.56 0.45 0.58 0.51 0.22
"196" 0.52 0.56 0.54 0.53 0.45 0.22
"197" 0.58 0.58 0.58 0.49 0.49 0.26
"198" 0.72 0.62 0.34 0.29 0.56 0.28
"199" 0.72 0.61 0.37 0.3 0.57 0.22
"200" 0.46 0.43 0.38 0.33 0.48 0.28
"201" 0.57 0.57 0.44 0.37 0.52 0.25
"202" 0.42 0.31 0.62 0.12 0.4 0.22
"203" 0.49 0.46 0.45 0.45 0.52 0.22
"204" 0.42 0.58 0.41 0.65 0.46 0.26
"205" 0.59 0.61 0.34 0.22 0.51 0.22
"206" 0.52 0.77 0.38 0.34 0.51 0.22
"207" 0.5 0.52 0.6 0.51 0.48 0.22
"208" 0.49 0.6 0.43 0.56 0.36 0.22
"209" 0.5 0.41 0.44 0.5 0.42 0.22
"210" 0.5 0.4 0.56 0.7 0.5 0.22
"211" 0.37 0.58 0.44 0.51 0.44 0.22
"212" 0.55 0.45 0.45 0.54 0.5 0.22
"213" 0.67 0.68 0.46 0.29 0.46 0.22
"214" 0.53 0.51 0.46 0.28 0.48 0.22
"215" 0.35 0.66 0.49 0.21 0.54 0.25
"216" 0.52 0.4 0.6 0.12 0.55 0.22
"217" 0.77 0.79 0.58 0.23 0.48 0.22
"218" 0.47 0.46 0.59 0.49 0.56 0.22
"219" 0.73 0.83 0.43 0.3 0.55 0.22
"220" 0.78 0.74 0.58 0.25 0.53 0.22
"221" 0.7 0.65 0.54 0.28 0.6 0.4
"222" 0.47 0.54 0.37 0.14 0.5 0.22
"223" 0.56 0.52 0.48 0.17 0.46 0.22
"224" 0.57 0.41 0.59 0.24 0.4 0.22
"225" 0.56 0.41 0.58 0.21 0.42 0.22
"226" 0.58 0.56 0.45 0.12 0.51 0.22
"227" 0.53 0.38 0.66 0.25 0.43 0.22
"228" 0.34 0.36 0.54 0.11 0.36 0.21
"229" 0.69 0.61 0.38 0.27 0.52 0.22
"230" 0.37 0.53 0.6 0.19 0.42 0.22
"231" 0.41 0.45 0.53 0.17 0.51 0.25
"232" 0.31 0.46 0.54 0.52 0.5 0.34
"233" 0.36 0.37 0.33 0.14 0.57 0.31
"234" 0.82 0.78 0.49 0.23 0.46 0.22
"235" 0.82 0.75 0.54 0.23 0.46 0.22
"236" 0.41 0.51 0.58 0.15 0.45 0.27
"237" 0.38 0.51 0.75 0.17 0.55 0.22
"238" 0.38 0.51 0.75 0.17 0.55 0.22
"239" 0.53 0.44 0.51 0.33 0.52 0.22
"240" 0.46 0.54 0.71 0.15 0.59 0.22
"241" 0.4 0.56 0.48 0.14 0.47 0.22
"242" 0.53 0.53 0.6 0.13 0.49 0.22
"243" 0.42 0.57 0.72 0.22 0.57 0.22
"244" 0.45 0.27 0.57 0.36 0.52 0.18
"245" 0.2 0.26 0.52 0.14 0.53 0.44
"246" 0.51 0.53 0.55 0.14 0.51 0.22
"247" 0.44 0.68 0.45 0.51 0.52 0.41
"248" 0.27 0.39 0.66 0.11 0.44 0.22
"249" 0.55 0.42 0.34 0.3 0.52 0.22
"250" 0.34 0.42 0.3 0.23 0.53 0.22
"251" 0.44 0.53 0.52 0.23 0.51 0.22
"252" 0.59 0.58 0.56 0.21 0.54 0.33
"253" 0.39 0.28 0.46 0.12 0.41 0.22
"254" 0.56 0.43 0.54 0.16 0.5 0.22
"255" 0.36 0.68 0.38 0.08 0.53 0.25
"256" 0.27 0.36 0.6 0.33 0.37 0.31
"257" 0.35 0.4 0.59 0.22 0.47 0.37
"258" 0.42 0.32 0.5 0.21 0.51 0.22
"259" 0.23 0.2 0.53 0.2 0.44 0.22
"260" 0.55 0.54 0.56 0.22 0.5 0.37
"261" 0.36 0.24 0.49 0.16 0.51 0.22
"262" 0.38 0.48 0.59 0.22 0.46 0.22
"263" 0.8 0.46 0.5 0.15 0.53 0.22
"264" 0.6 0.56 0.47 0.2 0.5 0.38
"265" 0.41 0.24 0.54 0.26 0.41 0.22
"266" 0.47 0.65 0.54 0.62 0.53 0.36
"267" 0.43 0.39 0.54 0.14 0.47 0.22
"268" 0.5 0.51 0.52 0.09 0.48 0.25
"269" 0.53 0.61 0.52 0.21 0.55 0.3
"270" 0.54 0.42 0.41 0.16 0.52 0.22
"271" 0.46 0.35 0.53 0.16 0.51 0.29
"272" 0.46 0.43 0.49 0.79 0.49 0.63
"273" 0.51 0.55 0.35 0.16 0.51 0.47
"274" 0.56 0.52 0.55 0.19 0.54 0.22
"275" 0.61 0.3 0.59 0.12 0.49 0.27
"276" 0.37 0.53 0.46 0.23 0.47 0.22
"277" 0.83 0.58 0.33 0.04 0.53 0.22
"278" 0.39 0.45 0.53 0.18 0.54 0.22
"279" 0.52 0.54 0.5 0.21 0.48 0.3
"280" 0.35 0.39 0.57 0.11 0.48 0.22
"281" 0.36 0.49 0.3 0.22 0.52 0.31
"282" 0.78 0.7 0.32 0.23 0.53 0.22
"283" 0.55 0.46 0.53 0.11 0.52 0.48
"284" 0.45 0.56 0.54 0.32 0.57 0.22
"285" 0.45 0.56 0.53 0.32 0.57 0.22
"286" 0.29 0.43 0.4 0.15 0.53 0.22
"287" 0.52 0.75 0.37 0.14 0.46 0.22
"288" 0.71 0.56 0.39 0.27 0.52 0.22
"289" 0.58 0.6 0.43 0.12 0.55 0.22
"290" 0.54 0.65 0.49 0.34 0.52 0.22
"291" 0.57 0.59 0.44 0.16 0.52 0.22
"292" 0.59 0.58 0.46 0.19 0.56 0.27
"293" 0.92 0.61 0.4 0.22 0.54 0.22
"294" 0.55 0.56 0.45 0.14 0.54 0.22
"295" 0.63 0.61 0.41 0.22 0.51 0.22
"296" 0.58 0.53 0.38 0.18 0.52 0.22
"297" 0.36 0.46 0.43 0.19 0.48 0.22
"298" 0.32 0.47 0.55 0.12 0.52 0.22
"299" 0.34 0.38 0.45 0.19 0.51 0.22
"300" 0.62 0.58 0.46 0.13 0.53 0.22
"301" 0.53 0.68 0.42 0.19 0.53 0.22
"302" 0.73 0.55 0.41 0.16 0.46 0.22
"303" 0.55 0.46 0.46 0.31 0.58 0.48
"304" 0.35 0.6 0.47 0.13 0.52 0.43
"305" 0.77 0.8 0.51 0.4 0.54 0.22
"306" 0.77 0.87 0.47 0.37 0.48 0.22
"307" 0.35 0.46 0.49 0.15 0.55 0.35
"308" 0.43 0.51 0.48 0.14 0.5 0.22
"309" 0.57 0.61 0.45 0.26 0.5 0.22
"310" 0.63 0.62 0.42 0.12 0.52 0.25
"311" 0.25 0.4 0.51 0.18 0.5 0.27
"312" 0.56 0.62 0.53 0.24 0.57 0.22
"313" 0.58 0.6 0.51 0.24 0.53 0.22
"314" 0.71 0.59 0.53 0.15 0.49 0.33
"315" 0.46 0.35 0.33 0.17 0.55 0.22
"316" 0.54 0.55 0.42 0.22 0.48 0.22
"317" 0.39 0.44 0.28 0.12 0.46 0.27
"318" 0.33 0.44 0.49 0.08 0.48 0.49
"319" 0.81 0.82 0.41 0.36 0.39 0.22
"320" 0.69 0.6 0.51 0.13 0.52 0.22
"321" 0.46 0.48 0.44 0.21 0.55 0.22
"322" 0.35 0.36 0.57 0.17 0.52 0.22
"323" 0.74 0.72 0.47 0.25 0.57 0.22
"324" 0.54 0.57 0.52 0.19 0.59 0.67
"325" 0.42 0.52 0.4 0.17 0.5 0.26
"326" 0.91 0.77 0.34 0.47 0.52 0.31
"327" 0.81 0.9 0.39 0.41 0.53 0.22
"328" 0.45 0.4 0.56 0.14 0.54 0.22
"329" 0.47 0.47 0.58 0.16 0.49 0.28
"330" 0.41 0.39 0.51 0.52 0.49 0.22
"331" 0.37 0.34 0.32 0.22 0.56 0.22
"332" 0.69 0.6 0.5 0.31 0.55 0.22
"333" 0.35 0.56 0.36 0.3 0.53 0.25
"334" 0.84 0.66 0.36 0.78 0.49 0.5
"335" 0.51 0.58 0.54 0.29 0.53 0.22
"336" 0.37 0.43 0.62 0.27 0.48 0.22
"337" 0.55 0.66 0.57 0.32 0.57 0.34
"338" 0.48 0.35 0.42 0.21 0.57 0.22
"339" 0.62 0.58 0.52 0.15 0.52 0.29
"340" 0.56 0.59 0.53 0.16 0.24 0.42
"341" 0.44 0.51 0.37 0.15 0.51 0.22
"342" 0.44 0.44 0.49 0.15 0.46 0.27
"343" 0.5 0.5 0.48 0.17 0.47 0.26
"344" 0.6 0.6 0.49 0.3 0.53 0.22
"345" 0.49 0.46 0.34 0.21 0.55 0.22
"346" 0.35 0.68 0.57 0.4 0.53 0.36
"347" 0.7 0.69 0.43 0.33 0.58 0.22
"348" 0.23 0.3 0.58 0.22 0.48 0.27
"349" 0.45 0.42 0.52 0.2 0.5 0.25
"350" 0.51 0.35 0.46 0.15 0.51 0.42
"351" 0.42 0.39 0.47 0.13 0.5 0.27
"352" 0.32 0.38 0.52 0.2 0.52 0.28
"353" 0.59 0.65 0.52 0.3 0.46 0.31
"354" 0.41 0.52 0.41 0.11 0.54 0.35
"355" 0.37 0.33 0.5 0.12 0.51 0.54
"356" 0.45 0.56 0.49 0.17 0.52 0.22
"357" 0.56 0.54 0.59 0.14 0.52 0.27
"358" 0.31 0.31 0.54 0.18 0.52 0.29
"359" 0.27 0.51 0.47 0.35 0.49 0.28
"360" 0.54 0.56 0.57 0.18 0.45 0.25
"361" 0.17 0.38 0.45 0.09 0.54 0.27
"362" 0.43 0.51 0.54 0.15 0.45 0.26
"363" 0.6 0.4 0.59 0.18 0.48 0.22
"364" 0.91 0.69 0.57 0.45 0.56 0.22
"365" 0.38 0.47 0.53 0.12 0.48 0.22
"366" 0.59 0.43 0.52 0.19 0.55 0.27
"367" 0.64 0.53 0.45 0.13 0.53 0.22
"368" 0.49 0.31 0.34 0.13 0.52 0.22
"369" 0.52 0.51 0.51 0.12 0.51 0.4
"370" 0.49 0.43 0.48 0.15 0.55 0.25
"371" 0.49 0.47 0.52 0.16 0.53 0.28
"372" 0.48 0.39 0.49 0.18 0.51 0.22
"373" 0.44 0.34 0.55 0.18 0.52 0.22
"374" 0.43 0.54 0.58 0.16 0.5 0.36
"375" 0.49 0.42 0.54 0.17 0.5 0.36
"376" 0.34 0.66 0.51 0.16 0.47 0.33
"377" 0.2 0.34 0.33 0.1 0.48 0.31
"378" 0.74 0.53 0.5 0.08 0.55 0.31
"379" 0.69 0.48 0.38 0.15 0.55 0.22
"380" 0.3 0.5 0.47 0.11 0.46 0.22
"381" 0.44 0.51 0.48 0.38 0.52 0.22
"382" 0.31 0.45 0.5 0.17 0.49 0.22
"383" 0.55 0.41 0.56 0.21 0.52 0.22
"384" 0.4 0.34 0.52 0.17 0.47 0.51
"385" 0.4 0.48 0.5 0.17 0.54 0.5
"386" 0.58 0.48 0.56 0.1 0.46 0.25
"387" 0.58 0.48 0.56 0.12 0.46 0.25
"388" 0.58 0.45 0.48 0.24 0.52 0.37
"389" 0.58 0.41 0.51 0.26 0.51 0.37
"390" 0.41 0.6 0.53 0.29 0.47 0.43
"391" 0.69 0.5 0.49 0.42 0.49 0.22
"392" 0.38 0.49 0.61 0.13 0.54 0.22
"393" 0.6 0.48 0.44 0.52 0.54 0.63
"394" 0.47 0.49 0.63 0.17 0.31 0.26
"395" 0.28 0.51 0.55 0.11 0.46 0.22
"396" 0.56 0.57 0.63 0.39 0.59 0.4
"397" 0.21 0.38 0.49 0.16 0.51 0.45
"398" 0.46 0.57 0.57 0.15 0.52 0.26
"399" 0.43 0.42 0.54 0.22 0.57 0.33
"400" 0.57 0.59 0.5 0.58 0.53 0.22
"401" 0.48 0.34 0.47 0.14 0.47 0.26
"402" 0.35 0.4 0.53 0.18 0.42 0.38
"403" 0.47 0.45 0.53 0.62 0.46 0.22
"404" 0.53 0.43 0.47 0.15 0.58 0.22
"405" 0.46 0.45 0.56 0.16 0.56 0.22
"406" 0.44 0.42 0.62 0.14 0.55 0.37
"407" 0.37 0.34 0.58 0.24 0.44 0.18
"408" 0.37 0.34 0.58 0.24 0.44 0.18
"409" 0.39 0.39 0.55 0.52 0.37 0.16
"410" 0.39 0.39 0.55 0.52 0.37 0.16
"411" 0.48 0.46 0.38 0.29 0.53 0.22
"412" 0.48 0.57 0.5 0.09 0.52 0.42
"413" 0.61 0.57 0.45 0.21 0.5 0.42
"414" 0.56 0.44 0.56 0.19 0.54 0.22
"415" 0.51 0.63 0.3 0.35 0.53 0.27
"416" 0.53 0.68 0.34 0.42 0.54 0.27
"417" 0.37 0.22 0.64 0.35 0.47 0.22
"418" 0.51 0.48 0.58 0.22 0.5 0.28
"419" 0.49 0.37 0.59 0.17 0.51 0.22
"420" 0.51 0.48 0.58 0.22 0.5 0.28
"421" 0.53 0.53 0.53 0.17 0.49 0.37
"422" 0.29 0.68 0.47 0.26 0.47 0.37
"423" 0.5 0.45 0.49 0.15 0.55 0.43
"424" 0.33 0.28 0.31 0.24 0.53 0.22
"425" 0.85 0.85 0.3 0.31 0.55 0.42
"426" 0.43 0.39 0.51 0.28 0.4 0.22
"427" 0.61 0.54 0.49 0.16 0.54 0.42
"428" 0.34 0.35 0.61 0.19 0.52 0.25
"429" 0.55 0.53 0.56 0.29 0.48 0.22
"430" 0.66 0.62 0.52 0.17 0.49 0.22
"431" 0.44 0.41 0.58 0.2 0.57 0.25
"432" 0.37 0.62 0.34 0.25 0.51 0.22
"433" 0.45 0.56 0.51 0.64 0.54 0.22
"434" 0.38 0.46 0.52 0.75 0.5 0.26
"435" 0.61 0.54 0.49 0.19 0.54 0.47
"436" 0.44 0.53 0.52 0.37 0.5 0.22
"437" 0.44 0.53 0.52 0.37 0.5 0.22
"438" 0.32 0.34 0.61 0.17 0.52 0.32
"439" 0.34 0.34 0.61 0.18 0.52 0.32
"440" 0.51 0.68 0.49 0.59 0.54 0.27
"441" 0.41 0.3 0.49 0.28 0.54 0.22
"442" 0.41 0.43 0.5 0.28 0.5 0.22
"443" 0.3 0.5 0.34 0.26 0.51 0.22
"444" 0.49 0.4 0.34 0.26 0.5 0.22
"445" 0.34 0.4 0.3 0.23 0.51 0.22
"446" 0.43 0.44 0.3 0.18 0.51 0.22
"447" 0.43 0.45 0.37 0.12 0.48 0.22
"448" 0.45 0.57 0.3 0.17 0.51 0.22
"449" 0.45 0.57 0.3 0.17 0.51 0.22
"450" 0.42 0.44 0.33 0.17 0.54 0.27
"451" 0.52 0.5 0.53 0.1 0.48 0.22
"452" 0.53 0.56 0.49 0.46 0.52 0.22
"453" 0.45 0.54 0.54 0.62 0.53 0.22
"454" 0.51 0.43 0.63 0.18 0.52 0.22
"455" 0.51 0.52 0.48 0.5 0.51 0.22
"456" 0.55 0.49 0.5 0.46 0.52 0.25
"457" 0.5 0.46 0.52 0.16 0.52 0.26
"458" 0.5 0.53 0.45 0.44 0.49 0.22
"459" 0.45 0.59 0.53 0.74 0.47 0.25
"460" 0.57 0.61 0.55 0.67 0.48 0.22
"461" 0.54 0.45 0.62 0.13 0.52 0.26
"462" 0.67 0.51 0.53 0.28 0.51 0.22
"463" 0.35 0.49 0.47 0.22 0.5 0.28
"464" 0.47 0.63 0.66 0.45 0.37 0.11
"465" 0.51 0.34 0.43 0.18 0.48 0.25
"466" 0.56 0.45 0.59 0.14 0.51 0.26
"467" 0.45 0.38 0.59 0.18 0.44 0.45
"468" 0.43 0.51 0.6 0.25 0.55 0.22
"469" 0.47 0.59 0.43 0.13 0.56 0.3
"470" 0.4 0.45 0.42 0.17 0.54 0.26
"471" 0.89 0.81 0.36 0.71 0.55 0.63
"472" 0.58 0.55 0.52 0.22 0.44 0.22
"473" 0.59 0.57 0.46 0.14 0.52 0.22
"474" 0.49 0.41 0.32 0.21 0.5 0.32
"475" 0.35 0.53 0.35 0.33 0.5 0.32
"476" 0.42 0.32 0.61 0.13 0.14 0.27
"477" 0.5 0.46 0.42 0.32 0.56 0.55
"478" 0.68 0.5 0.43 0.27 0.61 0.22
"479" 0.5 0.45 0.49 0.3 0.47 0.4
"480" 0.46 0.41 0.5 0.44 0.53 0.22
"481" 0.32 0.36 0.34 0.19 0.55 0.26
"482" 0.4 0.51 0.42 0.13 0.45 0.25
"483" 0.7 0.73 0.37 0.37 0.48 0.31
"484" 0.81 0.76 0.32 0.37 0.51 0.22
"485" 0.65 0.61 0.39 0.3 0.57 0.28
"486" 0.47 0.43 0.35 0.32 0.54 0.22
"487" 0.42 0.25 0.6 0.14 0.45 0.22
"488" 0.23 0.34 0.41 0.28 0.5 0.27
"489" 0.85 0.56 0.33 0.38 0.55 0.25
"490" 0.34 0.31 0.6 0.37 0.5 0.3
"491" 0.59 0.53 0.47 0.26 0.53 0.31
"492" 0.67 0.63 0.34 0.41 0.6 0.33
"493" 0.7 0.73 0.38 0.36 0.54 0.22
"494" 0.54 0.51 0.54 0.52 0.47 0.25
"495" 0.53 0.5 0.54 0.56 0.49 0.41
"496" 0.84 0.63 0.38 0.23 0.53 0.22
"497" 0.89 0.77 0.36 0.34 0.44 0.22
"498" 0.48 0.43 0.45 0.17 0.48 0.37
"499" 0.36 0.35 0.47 0.22 0.44 0.31
"500" 0.57 0.49 0.48 0.16 0.51 0.22
"501" 0.43 0.52 0.53 0.52 0.49 0.22
"502" 0.38 0.49 0.54 1 0.5 0.27
"503" 0.43 0.32 0.56 0.27 0.47 0.27
"504" 0.84 0.87 0.45 0.54 0.28 0.22
"505" 0.27 0.56 0.56 0.18 0.52 0.22
"506" 0.89 0.82 0.6 0.49 0.55 0.22
"507" 0.86 0.92 0.5 0.37 0.53 0.32
"508" 0.37 0.55 0.29 0.32 0.51 0.22
"509" 0.87 0.83 0.57 0.36 0.36 0.22
"510" 0.43 0.45 0.54 0.14 0.5 0.31
"511" 0.52 0.48 0.54 0.28 0.54 0.22
"512" 0.77 0.6 0.42 0.33 0.57 0.22
"513" 0.76 0.74 0.56 0.34 0.51 0.3
"514" 0.58 0.76 0.4 0.37 0.54 0.3
"515" 0.94 0.6 0.33 0.49 0.54 0.22
"516" 0.36 0.44 0.57 0.18 0.42 0.22
"517" 0.42 0.51 0.39 0.22 0.49 0.26
"518" 0.52 0.48 0.58 0.55 0.48 0.22
"519" 0.42 0.32 0.48 0.16 0.55 0.22
"520" 0.43 0.38 0.51 0.24 0.46 0.33
"521" 0.48 0.57 0.52 0.61 0.51 0.22
"522" 0.83 0.53 0.52 0.2 0.48 0.25
"523" 0.36 0.34 0.46 0.19 0.52 0.22
"524" 0.51 0.43 0.47 0.19 0.52 0.37
"525" 0.54 0.54 0.49 0.14 0.56 0.22
"526" 0.44 0.41 0.44 0.13 0.49 0.42
"527" 0.52 0.62 0.54 0.19 0.5 0.22
"528" 0.46 0.4 0.38 0.18 0.49 0.22
"529" 0.68 0.5 0.55 0.65 0.46 0.31
"530" 0.53 0.44 0.47 0.22 0.53 0.22
"531" 0.48 0.48 0.5 0.47 0.55 0.22
"532" 0.46 0.14 0.36 0.21 0.5 0.25
"533" 0.5 0.45 0.48 0.17 0.5 0.26
"534" 0.44 0.53 0.43 0.17 0.54 0.75
"535" 0.46 0.47 0.46 0.16 0.51 0.22
"536" 0.52 0.49 0.57 0.57 0.51 0.22
"537" 0.62 0.64 0.56 0.2 0.48 0.33
"538" 0.46 0.32 0.58 0.17 0.61 0.25
"539" 0.78 0.48 0.47 0.3 0.53 0.47
"540" 0.49 0.62 0.65 0.18 0.46 0.43
"541" 0.5 0.34 0.62 0.19 0.57 0.22
"542" 0.39 0.37 0.33 0.23 0.53 0.26
"543" 0.39 0.37 0.56 0.15 0.5 0.27
"544" 0.33 0.37 0.54 0.28 0.53 0.27
"545" 0.39 0.37 0.33 0.23 0.52 0.26
"546" 0.33 0.38 0.53 0.26 0.52 0.27
"547" 0.48 0.51 0.57 0.24 0.5 0.22
"548" 0.5 0.62 0.54 0.66 0.49 0.22
"549" 0.47 0.54 0.54 0.48 0.53 0.26
"550" 0.72 0.58 0.42 0.28 0.48 0.22
"551" 0.41 0.41 0.51 0.19 0.57 0.22
"552" 0.81 0.65 0.52 0.41 0.57 0.26
"553" 0.5 0.49 0.52 0.2 0.43 0.52
"554" 0.18 0.48 0.46 0.12 0 0.25
"555" 0.26 0.38 0.52 0.36 0.48 0.56
"556" 0.53 0.51 0.51 0.11 0.49 0.41
"557" 0.58 0.49 0.5 0.41 0.57 0.22
"558" 0.62 0.6 0.47 0.16 0.53 0.22
"559" 0.68 0.58 0.51 0.19 0.54 0.22
"560" 0.4 0.52 0.53 0.52 0.51 0.22
"561" 0.51 0.47 0.41 0.44 0.5 0.22
"562" 0.72 0.56 0.4 0.26 0.51 0.26
"563" 0.49 0.44 0.45 0.22 0.51 0.22
"564" 0.32 0.47 0.55 0.25 0.49 0.22
"565" 0.46 0.57 0.52 0.28 0.52 0.22
"566" 0.53 0.48 0.45 0.44 0.49 0.27
"567" 0.49 0.48 0.46 0.63 0.52 0.22
"568" 0.7 0.53 0.42 0.22 0.51 0.28
"569" 0.68 0.68 0.49 0.15 0.53 0.22
"570" 0.47 0.6 0.35 0.21 0.52 0.22
"571" 0.55 0.49 0.45 0.18 0.49 0.22
"572" 0.4 0.53 0.61 0.21 0.48 0.33
"573" 0.57 0.44 0.42 0.2 0.54 0.22
"574" 0.4 0.47 0.48 0.18 0.46 0.22
"575" 0.34 0.54 0.54 0.13 0.52 0.22
"576" 0.43 0.83 0.55 0.2 0.47 0.4
"577" 0.55 0.65 0.5 0.28 0.55 0.22
"578" 0.29 0.46 0.54 0.27 0.49 0.22
"579" 0.46 0.42 0.6 0.21 0.4 0.22
"580" 0.8 0.81 0.55 0.35 0.42 0.22
"581" 0.79 0.74 0.49 0.33 0.48 0.22
"582" 0.45 0.48 0.63 0.67 0.48 0.22
"583" 0.66 0.52 0.52 0.44 0.56 0.27
"584" 0.5 0.49 0.59 0.47 0.49 0.36
"585" 0.54 0.52 0.54 0.2 0.55 0.25
"586" 0.37 0.31 0.53 0.16 0.53 0.44
"587" 0.43 0.39 0.59 0.13 0.41 0.43
"588" 0.48 0.47 0.54 0.55 0.51 0.65
"589" 0.6 0.59 0.45 0.23 0.55 0.22
"590" 0.45 0.73 0.47 0.65 0.54 0.43
"591" 0.66 0.54 0.49 0.16 0.54 0.36
"592" 0.46 0.55 0.61 0.13 0.47 0.22
"593" 0.42 0.5 0.53 0.22 0.5 0.22
"594" 0.66 0.66 0.32 0.54 0.51 0.22
"595" 0.74 0.56 0.35 0.36 0.51 0.25
"596" 0.89 0.52 0.41 0.26 0.52 0.31
"597" 0.67 0.51 0.54 0.21 0.43 0.3
"598" 0.58 0.46 0.46 0.34 0.5 0.43
"599" 0.4 0.68 0.5 0.82 0.44 0.36
"600" 0.59 0.57 0.43 0.26 0.51 0.22
"601" 0.39 0.3 0.56 0.12 0.53 0.38
"602" 0.6 0.62 0.54 0.4 0.5 0.22
"603" 0.36 0.4 0.53 0.48 0.48 0.22
"604" 0.51 0.42 0.56 0.38 0.46 0.22
"605" 0.41 0.54 0.58 0.2 0.52 0.22
"606" 0.57 0.4 0.62 0.3 0.48 0.11
"607" 0.52 0.5 0.59 0.31 0.5 0.22
"608" 0.42 0.53 0.53 0.64 0.47 0.22
"609" 0.5 0.46 0.64 0.36 0.49 0.22
"610" 0.6 0.51 0.6 0.38 0.52 0.24
"611" 0.45 0.38 0.64 0.14 0.54 0.22
"612" 0.6 0.57 0.64 0.52 0.47 0.28
"613" 0.53 0.42 0.58 0.29 0.5 0.22
"614" 0.41 0.52 0.53 0.41 0.39 0.33
"615" 0.45 0.43 0.63 0.4 0.59 0.11
"616" 0.44 0.44 0.67 0.35 0.48 0.26
"617" 0.58 0.52 0.61 0.33 0.38 0.11
"618" 0.57 0.61 0.55 0.27 0.44 0.21
"619" 0.57 0.58 0.58 0.35 0.49 0.22
"620" 0.64 0.64 0.56 0.21 0.5 0.22
"621" 0.56 0.5 0.61 0.49 0.46 0.28
"622" 0.6 0.46 0.59 0.16 0.49 0.22
"623" 0.36 0.38 0.56 0.44 0.48 0.22
"624" 0.53 0.52 0.61 0.35 0.5 0.22
"625" 0.62 0.59 0.54 0.47 0.46 0.22
"626" 0.55 0.5 0.6 0.31 0.46 0.27
"627" 0.58 0.53 0.57 0.46 0.51 0.27
"628" 0.65 0.53 0.55 0.52 0.47 0.27
"629" 0.38 0.54 0.54 0.41 0.51 0.22
"630" 0.58 0.53 0.5 0.53 0.47 0.31
"631" 0.61 0.46 0.51 0.37 0.51 0.22
"632" 0.55 0.59 0.47 0.64 0.54 0.33
"633" 0.54 0.64 0.5 0.13 0.49 0.22
"634" 0.4 0.74 0.49 0.16 0.51 0.22
"635" 0.76 0.76 0.35 0.27 0.44 0.22
"636" 0.51 0.56 0.51 0.42 0.53 0.36
"637" 0.43 0.32 0.5 0.29 0.5 0.22
"638" 0.49 0.44 0.45 0.55 0.48 0.22
"639" 0.32 0.45 0.44 0.2 0.55 0.33
"640" 0.51 0.6 0.51 0.26 0.54 0.22
"641" 0.49 0.46 0.42 0.46 0.55 0.22
"642" 0.5 0.56 0.49 0.61 0.5 0.22
"643" 0.51 0.48 0.51 0.43 0.49 0.22
"644" 0.52 0.38 0.62 0.12 0.41 0.28
"645" 0.53 0.4 0.57 0.12 0.53 0.32
"646" 0.51 0.56 0.62 0.24 0.52 0.51
"647" 0.63 0.6 0.5 0.27 0.55 0.22
"648" 0.46 0.44 0.53 0.31 0.48 0.22
"649" 0.58 0.57 0.54 0.69 0.54 0.22
"650" 0.61 0.59 0.47 0.49 0.54 0.22
"651" 0.63 0.47 0.56 0.12 0.5 0.22
"652" 0.55 0.53 0.54 0.4 0.48 0.22
"653" 0.41 0.47 0.58 0.62 0.5 0.22
"654" 0.44 0.53 0.53 0.37 0.51 0.22
"655" 0.57 0.4 0.48 0.24 0.55 0.22
"656" 0.46 0.46 0.56 0.12 0.55 0.22
"657" 0.47 0.46 0.55 0.28 0.44 0.46
"658" 0.39 0.35 0.49 0.17 0.49 0.22
"659" 0.58 0.38 0.4 0.21 0.5 0.22
"660" 0.53 0.41 0.5 0.24 0.47 0.22
"661" 0.43 0.4 0.5 0.18 0.5 0.28
"662" 0.41 0.59 0.46 0.19 0.36 0.22
"663" 0.58 0.56 0.52 0.25 0.57 0.35
"664" 0.51 0.65 0.53 0.19 0.49 0.22
"665" 0.81 0.79 0.32 0.37 0.41 0.22
"666" 0.44 0.41 0.29 0.21 0.49 0.22
"667" 0.49 0.6 0.55 0.17 0.44 0.22
"668" 0.56 0.63 0.52 0.2 0.34 0.26
"669" 0.42 0.28 0.57 0.18 0.42 0.22
"670" 0.51 0.46 0.54 0.41 0.53 0.22
"671" 0.6 0.51 0.52 0.45 0.5 0.27
"672" 0.37 0.41 0.45 0.14 0.47 0.22
"673" 0.37 0.51 0.57 0.4 0.48 0.27
"674" 0.36 0.39 0.55 0.26 0.49 0.22
"675" 0.5 0.36 0.53 0.41 0.55 0.36
"676" 0.59 0.58 0.39 0.52 0.5 0.31
"677" 0.78 0.63 0.53 0.13 0.54 0.22
"678" 0.47 0.59 0.37 0.31 0.51 0.36
"679" 0.48 0.62 0.52 0.3 0.51 0.37
"680" 0.53 0.61 0.51 0.49 0.54 0.27
"681" 0.48 0.54 0.53 0.6 0.53 0.31
"682" 0.33 0.46 0.53 0.29 0.5 0.55
"683" 0.36 0.44 0.51 0.17 0.6 0.19
"684" 0.39 0.34 0.68 0.3 0.5 0.29
"685" 0.11 0.41 0.67 0.13 0.45 0.29
"686" 0.4 0.53 0.44 0.18 0.54 0.31
"687" 0.47 0.5 0.55 0.19 0.62 0.22
"688" 0.35 0.5 0.44 0.27 0.51 0.22
"689" 0.36 0.3 0.5 0.19 0.55 0.3
"690" 0.49 0.44 0.51 0.18 0.52 0.27
"691" 0.35 0.44 0.54 0.26 0.52 0.26
"692" 0.43 0.28 0.53 0.34 0.55 0.57
"693" 0.33 0.48 0.55 0.16 0.53 0.75
"694" 0.45 0.21 0.49 0.24 0.46 0.31
"695" 0.44 0.34 0.61 0.13 0.49 0.26
"696" 0.87 0.47 0.6 0.47 0.59 0.22
"697" 0.3 0.55 0.58 0.16 0.61 0.28
"698" 0.29 0.34 0.55 0.24 0.51 0.22
"699" 0.75 0.67 0.51 0.29 0.52 0.36
"700" 0.47 0.47 0.5 0.15 0.5 0.48
"701" 0.51 0.34 0.49 0.16 0.53 0.21
"702" 0.64 0.76 0.51 0.18 0.46 0.22
"703" 0.45 0.41 0.58 0.48 0.53 0.64
"704" 0.9 0.54 0.59 0.2 0.48 0.22
"705" 0.88 0.59 0.54 0.39 0.41 0.3
"706" 0.7 0.51 0.47 0.24 0.53 0.25
"707" 0.25 0.36 0.58 0.3 0.58 0.31
"708" 0.69 0.62 0.49 0 0.47 0.22
"709" 0.83 0.57 0.42 0.57 0.5 0.32
"710" 0.43 0.38 0.38 0.12 0.5 0.22
"711" 0.78 0.65 0.4 0.16 0.63 0.22
"712" 0.52 0.64 0.34 0.16 0.57 0.22
"713" 0.75 0.66 0.64 0.39 0.46 0.32
"714" 0.41 0.49 0.58 0.22 0.52 0.22
"715" 0.58 0.51 0.56 0.16 0.34 0.22
"716" 0.48 0.49 0.45 0.23 0.51 0.22
"717" 0.39 0.42 0.49 0.1 0.49 0.65
"718" 0.31 0.42 0.48 0.17 0.49 0.53
"719" 0.39 0.28 0.54 0.14 0.59 0.22
"720" 0.76 0.67 0.37 0.22 0.54 0.22
"721" 0.49 0.27 0.57 0.18 0.54 0.22
"722" 0.28 0.48 0.56 0.16 0.48 0.26
"723" 0.69 0.39 0.52 0.12 0.38 0.35
"724" 0.64 0.52 0.5 0.26 0.51 0.31
"725" 0.56 0.48 0.5 0.3 0.51 0.22
"726" 0.5 0.5 0.54 0.16 0.49 0.22
"727" 0.47 0.43 0.59 0.27 0.55 0.22
"728" 0.68 0.59 0.44 0.49 0.4 0.26
"729" 0.5 0.51 0.57 0.27 0.48 0.22
"730" 0.45 0.46 0.61 0.2 0.62 0.22
"731" 0.53 0.51 0.36 0.13 0.52 0.22
"732" 0.6 0.54 0.54 0.53 0.52 0.27
"733" 0.49 0.52 0.53 0.7 0.51 0.22
"734" 0.49 0.45 0.53 0.16 0.49 0.31
"735" 0.51 0.46 0.57 0.25 0.53 0.22
"736" 0.49 0.45 0.46 0.18 0.49 0.31
"737" 0.52 0.46 0.51 0.18 0.5 0.22
"738" 0.55 0.59 0.52 0.1 0.53 0.22
"739" 0.39 0.58 0.5 0.1 0.51 0.25
"740" 0.7 0.84 0.49 0.28 0.58 0.22
"741" 0.33 0.38 0.45 0.19 0.54 0.37
"742" 0.61 0.46 0.44 0.47 0.5 0.37
"743" 0.41 0.48 0.38 0.13 0.51 0.35
"744" 0.37 0.42 0.6 0.13 0.51 0.22
"745" 0.45 0.58 0.59 0.44 0.56 0.22
"746" 0.74 0.89 0.32 0.24 0.54 0.32
"747" 0.28 0.46 0.26 0.18 0.39 0.22
"748" 0.51 0.46 0.49 0.21 0.55 0.22
"749" 0.8 0.82 0.57 0.26 0.57 0.27
"750" 0.46 0.49 0.45 0.28 0.55 0.22
"751" 0.4 0.36 0.55 0.15 0.53 0.22
"752" 0.67 0.46 0.58 0.3 0.57 0.27
"753" 0.5 0.32 0.49 0.49 0.48 0.32
"754" 0.45 0.53 0.47 0.43 0.5 0.27
"755" 0.75 0.6 0.43 0.35 0.45 0.27
"756" 0.56 0.68 0.52 0.39 0.36 0.22
"757" 0.48 0.45 0.59 0.35 0.55 0.3
"758" 0.26 0.28 0.6 0.2 0.54 0.31
"759" 0.59 0.45 0.58 0.21 0.49 0.22
"760" 0.48 0.52 0.49 0.35 0.51 0.22
"761" 0.59 0.58 0.47 0.61 0.44 0.3
"762" 0.5 0.57 0.62 0.25 0.51 0.22
"763" 0.57 0.49 0.5 0.2 0.51 0.28
"764" 0.62 0.43 0.49 0.29 0.5 0.27
"765" 0.45 0.41 0.49 0.14 0.53 0.3
"766" 0.47 0.49 0.6 0.15 0.38 0.22
"767" 0.41 0.48 0.54 0.24 0.37 0.51
"768" 0.46 0.46 0.53 0.23 0.51 0.22
"769" 0.48 0.42 0.48 0.19 0.58 0.22
"770" 0.43 0.45 0.53 0.19 0.56 0.22
"771" 0.28 0.36 0.55 0.15 0.57 0.22
"772" 0.48 0.46 0.58 0.26 0.44 0.22
"773" 0.74 0.72 0.5 0.28 0.5 0.27
"774" 0.74 0.72 0.5 0.28 0.49 0.27
"775" 0.38 0.62 0.52 0.14 0.53 0.22
"776" 0.77 0.72 0.48 0.26 0.51 0.22
"777" 0.44 0.42 0.57 0.22 0.5 0.25
"778" 0.74 0.74 0.51 0.27 0.5 0.22
"779" 0.39 0.81 0.35 0.28 0.51 0.45
"780" 0.53 0.54 0.43 0.18 0.53 0.31
"781" 0.38 0.45 0.37 0.19 0.52 0.3
"782" 0.4 0.37 0.54 0.13 0.48 0.22
"783" 0.31 0.3 0.34 0.19 0.55 0.3
"784" 0.5 0.42 0.57 0.49 0.48 0.27
"785" 0.59 0.61 0.51 0.62 0.51 0.38
"786" 0.45 0.4 0.43 0.22 0.51 0.48
"787" 0.47 0.54 0.53 0.77 0.52 0.36
"788" 0.77 0.78 0.51 0.28 0.33 0.22
"789" 0.74 0.71 0.52 0.3 0.27 0.22
"790" 0.77 0.73 0.51 0.27 0.34 0.22
"791" 0.47 0.61 0.5 0.23 0.49 0.22
"792" 0.78 0.69 0.44 0.26 0.54 0.22
"793" 0.49 0.6 0.3 0.34 0.5 0.43
"794" 0.27 0.56 0.3 0.14 0.52 0.39
"795" 0.4 0.39 0.33 0.17 0.51 0.31
"796" 0.55 0.51 0.54 0.2 0.56 0.22
"797" 0.95 0.71 0.27 0.39 0.31 0.22
"798" 0.97 0.71 0.29 0.42 0.35 0.22
"799" 0.44 0.43 0.34 0.21 0.55 0.4
"800" 0.39 0.49 0.3 0.19 0.52 0.31
"801" 0.38 0.48 0.51 0.13 0.5 0.32
"802" 0.37 0.51 0.39 0.18 0.51 0.27
"803" 0.27 0.49 0.36 0.26 0.49 0.26
"804" 0.49 0.48 0.52 0.2 0.55 0.22
"805" 0.36 0.39 0.54 0.16 0.5 0.28
"806" 0.54 0.53 0.48 0.14 0.49 0.33
"807" 0.37 0.48 0.5 0.26 0.52 0.39
"808" 0.25 0.39 0.5 0.23 0.5 0.28
"809" 0.49 0.71 0.54 0.13 0.58 0.22
"810" 0.56 0.5 0.56 0.26 0.53 0.27
"811" 0.41 0.53 0.41 0.15 0.54 0.25
"812" 0.5 0.45 0.53 0.21 0.28 0.22
"813" 0.46 0.37 0.48 0.36 0.48 0.22
"814" 0.66 0.55 0.34 0.2 0.62 0.22
"815" 0.42 0.65 0.58 0.34 0.5 0.22
"816" 0.45 0.47 0.53 0.15 0.52 0.27
"817" 0.42 0.28 0.51 0.23 0.53 0.27
"818" 0.51 0.48 0.46 0.29 0.54 0.22
"819" 0.75 0.69 0.48 0.13 0.57 0.4
"820" 0.69 0.7 0.5 0.3 0.54 0.22
"821" 0.63 0.55 0.53 0.51 0.55 0.22
"822" 0.55 0.63 0.54 0.16 0.45 0.27
"823" 0.46 0.62 0.54 0.25 0.46 0.22
"824" 0.53 0.59 0.48 0.14 0.51 0.22
"825" 0.42 0.53 0.57 0.17 0.49 0.22
"826" 0.52 0.46 0.56 0.2 0.5 0.22
"827" 0.53 0.43 0.57 0.24 0.39 0.28
"828" 0.33 0.35 0.56 0.19 0.5 0.22
"829" 0.45 0.48 0.56 0.56 0.47 0.22
"830" 0.56 0.48 0.5 0.17 0.51 0.26
"831" 0.77 0.57 0.45 0.17 0.53 0.22
"832" 0.56 0.59 0.54 0.18 0.48 0.46
"833" 0.33 0.39 0.52 0.09 0.47 0.28
"834" 0.48 0.41 0.54 0.39 0.51 0.22
"835" 0.3 0.3 0.46 0.32 0.45 0.22
"836" 0.38 0.26 0.6 0.1 0.48 0.44
"837" 0.68 0.39 0.5 0.15 0.48 0.37
"838" 0.62 0.41 0.52 0.17 0.48 0.22
"839" 0.52 0.37 0.48 0.13 0.55 0.22
"840" 0.32 0.48 0.49 0.17 0.47 0.22
"841" 0.34 0.35 0.58 0.2 0.46 0.32
"842" 0.33 0.21 0.53 0.15 0.52 0.5
"843" 0.49 0.45 0.57 0.24 0.47 0.38
"844" 0.4 0.28 0.48 0.06 0.49 0.42
"845" 0.51 0.39 0.56 0.25 0.51 0.33
"846" 0.45 0.45 0.52 0.17 0.54 0.22
"847" 0.28 0.51 0.55 0.19 0.57 0.22
"848" 0.51 0.51 0.56 0.28 0.54 0.27
"849" 0.48 0.56 0.49 0.32 0.5 0.22
"850" 0.59 0.46 0.48 0.46 0.49 0.22
"851" 0.51 0.46 0.4 0.65 0.49 0.22
"852" 0.37 0.44 0.51 0.56 0.5 0.38
"853" 0.81 0.55 0.35 0.34 0.51 0.22
"854" 0.53 0.45 0.53 0.18 0.42 0.22
"855" 0.45 0.27 0.5 0.33 0.53 0.26
"856" 0.36 0.33 0.38 0.15 0.55 0.36
"857" 0.48 0.5 0.56 0.11 0.33 0.22
"858" 0.35 0.47 0.53 0.19 0.48 0.22
"859" 0.48 0.48 0.56 0.18 0.58 0.22
"860" 0.6 0.59 0.47 0.47 0.53 0.22
"861" 0.45 0.53 0.51 0.42 0.52 0.22
"862" 0.29 0.4 0.41 0.48 0.53 0.3
"863" 0.58 0.53 0.33 0.26 0.51 0.22
"864" 0.46 0.43 0.5 0.24 0.48 0.31
"865" 0.43 0.46 0.5 0.21 0.49 0.34
"866" 0.61 0.55 0.51 0.26 0.52 0.22
"867" 0.5 0.62 0.52 0.3 0.56 0.22
"868" 0.49 0.45 0.54 0.4 0.55 0.22
"869" 0.64 0.53 0.59 0.14 0.53 0.22
"870" 0.57 0.6 0.54 0.17 0.52 0.22
"871" 0.38 0.31 0.59 0.19 0.46 0.22
"872" 0.68 0.53 0.44 0.31 0.51 0.22
"873" 0.24 0.41 0.47 0.16 0.51 0.38
"874" 0.61 0.39 0.53 0.14 0.43 0.26
"875" 0.39 0.16 0.59 0.08 0.51 0.27
"876" 0.33 0.28 0.5 0.4 0.46 0.61
"877" 0.51 0.55 0.56 0.18 0.5 0.38
"878" 0.39 0.44 0.54 0.24 0.51 0.49
"879" 0.43 0.48 0.53 0.18 0.46 0.22
"880" 0.47 0.43 0.48 0.16 0.46 0.27
"881" 0.52 0.5 0.51 0.2 0.51 0.22
"882" 0.33 0.28 0.52 0.15 0.51 0.86
"883" 0.36 0.48 0.5 0.13 0.49 0.6
"884" 0.45 0.54 0.49 0.29 0.49 0.25
"885" 0.55 0.59 0.53 0.15 0.49 0.22
"886" 0.31 0.39 0.55 0.28 0.46 0.31
"887" 0.43 0.41 0.51 0.34 0.49 0.28
"888" 0.64 0.5 0.53 0.1 0.51 0.22
"889" 0.41 0.52 0.56 0.26 0.48 0.32
"890" 0.48 0.47 0.59 0.41 0.56 0.27
"891" 0.49 0.49 0.51 0.29 0.52 0.71
"892" 0.41 0.52 0.51 0.22 0.52 0.44
"893" 0.51 0.61 0.5 0.23 0.52 0.61
"894" 0.59 0.47 0.51 0.53 0.53 0.26
"895" 0.4 0.6 0.5 0.16 0.51 0.22
"896" 0.54 0.53 0.53 0.17 0.51 0.39
"897" 0.61 0.46 0.54 0.11 0.47 0.22
"898" 0.66 0.55 0.54 0.18 0.43 0.22
"899" 0.53 0.46 0.54 0.37 0.51 0.3
"900" 0.41 0.41 0.43 0.61 0.53 0.22
"901" 0.58 0.31 0.6 0.12 0.47 0.33
"902" 0.49 0.67 0.5 0.28 0.43 0.22
"903" 0.44 0.33 0.55 0.16 0.49 0.22
"904" 0.44 0.45 0.53 0.19 0.41 0.28
"905" 0.57 0.55 0.52 0.16 0.49 0.39
"906" 0.45 0.66 0.39 0.11 0.54 0.22
"907" 0.32 0.49 0.53 0.28 0.5 0.5
"908" 0.35 0.42 0.56 0.28 0.47 0.22
"909" 0.46 0.41 0.58 0.1 0.48 0.22
"910" 0.57 0.51 0.58 0.22 0.51 0.22
"911" 0.47 0.47 0.54 0.19 0.51 0.33
"912" 0.34 0.58 0.5 0.26 0.51 0.22
"913" 0.55 0.45 0.58 0.25 0.49 0.22
"914" 0.4 0.66 0.34 0.21 0.52 0.26
"915" 0.42 0.21 0.59 0.3 0.47 0.27
"916" 0.6 0.48 0.46 0.32 0.4 0.33
"917" 0.64 0.44 0.51 0.35 0.53 0.22
"918" 0.35 0.4 0.44 0.25 0.53 0.57
"919" 0.55 0.38 0.64 0.42 0.47 0.22
"920" 0.45 0.43 0.5 0.25 0.47 0.22
"921" 0.47 0.53 0.48 0.51 0.54 0.22
"922" 0.45 0.49 0.57 0.25 0.48 0.22
"923" 0.45 0.52 0.5 0.12 0.6 0.22
"924" 0.56 0.51 0.32 0.49 0.48 0.22
"925" 0.37 0.58 0.5 0.22 0.47 0.22
"926" 0.47 0.45 0.51 0.33 0.46 0.26
"927" 0.5 0.36 0.64 0.37 0.37 0.33
"928" 0.43 0.44 0.64 0.19 0.38 0.33
"929" 0.38 0.4 0.59 0.25 0.44 0.22
"930" 0.39 0.39 0.59 0.25 0.45 0.22
"931" 0.54 0.55 0.56 0.14 0.5 0.25
"932" 0.45 0.5 0.57 0.29 0.44 0.11
"933" 0.45 0.5 0.57 0.29 0.44 0.11
"934" 0.61 0.38 0.57 0.36 0.44 0.21
"935" 0.61 0.38 0.57 0.36 0.44 0.21
"936" 0.43 0.33 0.54 0.37 0.38 0.16
"937" 0.43 0.33 0.54 0.37 0.38 0.16
"938" 0.51 0.39 0.58 0.19 0.47 0.22
"939" 0.72 0.51 0.52 0.08 0.54 0.22
"940" 0.35 0.41 0.53 0.27 0.47 0.29
"941" 0.56 0.49 0.54 0.15 0.5 0.35
"942" 0.57 0.37 0.43 0.27 0.53 0.28
"943" 0.57 0.49 0.61 0.26 0.52 0.22
"944" 0.48 0.45 0.63 0.19 0.58 0.22
"945" 0.34 0.48 0.47 0.19 0.5 0.3
"946" 0.54 0.57 0.55 0.18 0.5 0.22
"947" 0.38 0.44 0.55 0.44 0.47 0.51
"948" 0.4 0.3 0.57 0.13 0.46 0.22
"949" 0.27 0.31 0.55 0.13 0.5 0.22
"950" 0.52 0.46 0.56 0.25 0.52 0.22
"951" 0.44 0.5 0.55 0.24 0.48 0.22
"952" 0.34 0.47 0.48 0.32 0.42 0.22
"953" 0.5 0.56 0.63 0.25 0.42 0.22
"954" 0.46 0.53 0.47 0.37 0.51 0.36
"955" 0.31 0.6 0.65 0.18 0.46 0.22
"956" 0.57 0.42 0.63 0.22 0.68 0.32
"957" 0.37 0.45 0.53 0.14 0.49 0.22
"958" 0.38 0.38 0.54 0.24 0.54 0.22
"959" 0.36 0.49 0.55 0.21 0.55 0.33
"960" 0.29 0.4 0.5 0.16 0.51 0.34
"961" 0.37 0.3 0.51 0.15 0.58 0.26
"962" 0.35 0.33 0.48 0.42 0.47 0.43
"963" 0.46 0.35 0.69 0.18 0.3 0.25
"964" 0.46 0.35 0.69 0.18 0.3 0.25
"965" 0.57 0.43 0.52 0.3 0.37 0.11
"966" 0.57 0.43 0.52 0.3 0.37 0.11
"967" 0.59 0.51 0.48 0.12 0.54 0.31
"968" 0.59 0.51 0.48 0.12 0.54 0.31
"969" 0.61 0.53 0.59 0.17 0.44 0.28
"970" 0.61 0.48 0.56 0.19 0.53 0.31
"971" 0.61 0.48 0.56 0.19 0.53 0.31
"972" 0.44 0.56 0.52 0.18 0.5 0.11
"973" 0.36 0.56 0.52 0.18 0.45 0.16
"974" 0.37 0.44 0.64 0.48 0.36 0.27
"975" 0.72 0.37 0.63 0.38 0.4 0.14
"976" 0.72 0.37 0.63 0.38 0.4 0.14
"977" 0.44 0.36 0.64 0.45 0.53 0.11
"978" 0.58 0.45 0.55 0.27 0.48 0.11
"979" 0.63 0.64 0.45 0.26 0.43 0.22
"980" 0.63 0.64 0.45 0.26 0.43 0.22
"981" 0.43 0.33 0.67 0.12 0.45 0.23
"982" 0.43 0.33 0.67 0.12 0.43 0.23
"983" 0.58 0.44 0.5 0.26 0.52 0.22
"984" 0.38 0.43 0.53 0.22 0.48 0.11
"985" 0.4 0.45 0.61 0.29 0.44 0.22
"986" 0.4 0.45 0.61 0.29 0.44 0.22
"987" 0.34 0.34 0.65 0.4 0.32 0.16
"988" 0.34 0.34 0.65 0.4 0.32 0.16
"989" 0.43 0.22 0.79 0.79 0.22 0
"990" 0.35 0.21 1 0.8 0.13 0.01
"991" 0.35 0.21 1 0.8 0.13 0.01
"992" 0.56 0.35 0.47 0.41 0.5 0.22
"993" 0.56 0.35 0.47 0.35 0.52 0.22
"994" 0.54 0.44 0.55 0.48 0.47 0.22
"995" 0.35 0.39 0.56 0.2 0.49 0.41
"996" 0.48 0.46 0.58 0.16 0.45 0.22
"997" 0.48 0.55 0.48 0.1 0.55 0.22
"998" 0.66 0.6 0.52 0.19 0.69 0.22
"999" 0.69 0.54 0.55 0.23 0.73 0.22
"1000" 0.73 0.6 0.47 0.2 0.72 0.22
"1001" 0.78 0.82 0.56 0.21 0.69 0.22
"1002" 0.42 0.49 0.49 0.36 0.57 0.26
"1003" 0.44 0.62 0.53 0.27 0.49 0.22
"1004" 0.56 0.61 0.52 0.19 0.52 0.32
"1005" 0.47 0.56 0.46 0.5 0.51 0.22
"1006" 0.46 0.33 0.45 0.22 0.41 0.37
"1007" 0.52 0.43 0.61 0.22 0.45 0.22
"1008" 0.52 0.43 0.61 0.22 0.45 0.22
"1009" 0.32 0.44 0.54 0.21 0.4 0.19
"1010" 0.32 0.44 0.54 0.21 0.4 0.19
"1011" 0.48 0.41 0.52 0.33 0.51 0.26
"1012" 0.46 0.39 0.54 0.22 0.48 0.25
"1013" 0.46 0.39 0.54 0.22 0.48 0.25
"1014" 0.42 0.5 0.64 0.13 0.49 0.22
"1015" 0.46 0.54 0.59 0.41 0.53 0.21
"1016" 0.46 0.54 0.59 0.41 0.53 0.21
"1017" 0.39 0.65 0.57 0.19 0.44 0.25
"1018" 0.39 0.65 0.57 0.19 0.43 0.25
"1019" 0.38 0.5 0.52 0.44 0.54 0.11
"1020" 0.38 0.5 0.52 0.44 0.54 0.11
"1021" 0.51 0.52 0.58 0.17 0.47 0.28
"1022" 0.57 0.48 0.54 0.22 0.5 0.11
"1023" 0.5 0.5 0.62 0.23 0.35 0.11
"1024" 0.41 0.49 0.65 0.28 0.59 0.57
"1025" 0.53 0.57 0.6 0.36 0.5 0.22
"1026" 0.53 0.57 0.6 0.36 0.5 0.22
"1027" 0.37 0.3 0.62 0.43 0.44 0.39
"1028" 0.37 0.3 0.62 0.43 0.44 0.39
"1029" 0.6 0.57 0.52 0.14 0.46 0.48
"1030" 0.42 0.38 0.52 0.29 0.42 0.22
"1031" 0.41 0.46 0.58 0.08 0.51 0.28
"1032" 0.49 0.4 0.58 0.23 0.47 0.27
"1033" 0.37 0.37 0.51 0.38 0.44 0.22
"1034" 0.57 0.5 0.4 0.08 0.47 0.22
"1035" 0.51 0.4 0.5 0.28 0.48 0.27
"1036" 0.34 0.25 0.55 0.28 0.51 0.49
"1037" 0.77 0.86 0.44 0.27 0.48 0.22
"1038" 0.59 0.54 0.53 0.14 0.48 0.22
"1039" 0.5 0.48 0.48 0.23 0.53 0.68
"1040" 0.39 1 0.38 0.41 0.5 0.27
"1041" 0.56 0.42 0.52 0.14 0.51 0.22
"1042" 0.39 0.46 0.33 0.18 0.53 0.22
"1043" 0.52 0.54 0.47 0.49 0.54 0.22
"1044" 0.46 0.49 0.55 0.18 0.56 0.22
"1045" 0.56 0.65 0.49 0.56 0.49 0.22
"1046" 0.53 0.51 0.55 0.57 0.46 0.22
"1047" 0.54 0.64 0.4 0.56 0.51 0.22
"1048" 0.47 0.58 0.47 0.52 0.54 0.22
"1049" 0.46 0.42 0.51 0.16 0.56 0.22
"1050" 0.6 0.51 0.49 0.18 0.53 0.38
"1051" 0.85 0.66 0.49 0.18 0.51 0.22
"1052" 0.55 0.52 0.44 0.2 0.56 0.22
"1053" 0.49 0.38 0.56 0.09 0.46 0.22
"1054" 0.38 0.4 0.53 0.12 0.55 0.22
"1055" 0.55 0.55 0.52 0.13 0.53 0.25
"1056" 0.46 0.44 0.58 0.17 0.55 0.22
"1057" 0.34 0.46 0.52 0.19 0.53 0.26
"1058" 0.58 0.56 0.46 0.14 0.51 0.22
"1059" 0.46 0.47 0.44 0.18 0.46 0.22
"1060" 0.44 0.71 0.5 0.21 0.54 0.27
"1061" 0.56 0.49 0.32 0.22 0.5 0.22
"1062" 0.41 0.49 0.47 0.09 0.49 0.22
"1063" 0.44 0.51 0.53 0.3 0.53 0.22
"1064" 0.54 0.51 0.56 0.15 0.54 0.31
"1065" 0.51 0.51 0.32 0.27 0.54 0.22
"1066" 0.46 0.38 0.51 0.2 0.51 0.22
"1067" 0.55 0.72 0.35 0.26 0.49 0.22
"1068" 0.54 0.44 0.35 0.19 0.51 0.27
"1069" 0.65 0.66 0.37 0.12 0.52 0.27
"1070" 0.41 0.4 0.56 0.17 0.56 0.22
"1071" 0.39 0.71 0.38 0.14 0.5 0.22
"1072" 0.37 0.42 0.46 0.15 0.51 0.31
"1073" 0.59 0.55 0.57 0.18 0.51 0.22
"1074" 0.48 0.51 0.5 0.24 0.54 0.38
"1075" 0.39 0.3 0.63 0.2 0.43 0.47
"1076" 0.47 0.52 0.54 0.25 0.54 0.29
"1077" 0.77 0.82 0.4 0.36 0.38 0.22
"1078" 0.52 0.55 0.39 0.09 0.55 0.25
"1079" 0.42 0.28 0.33 0.23 0.39 0.26
"1080" 0.47 0.37 0.46 0.28 0.52 0.99
"1081" 0.48 0.5 0.47 0.29 0.46 0.27
"1082" 0.3 0.33 0.55 0.12 0.53 0.38
"1083" 0.49 0.49 0.52 0.18 0.51 0.25
"1084" 0.54 0.59 0.57 0.34 0.49 0.22
"1085" 0.7 0.78 0.53 0.24 0.48 0.22
"1086" 0.85 0.69 0.34 0.31 0.57 0.3
"1087" 0.56 0.59 0.45 0.15 0.54 0.22
"1088" 0.47 0.56 0.53 0.44 0.53 0.22
"1089" 0.53 0.49 0.47 0.21 0.53 0.22
"1090" 0.7 0.57 0.34 0.19 0.53 0.27
"1091" 0.42 0.43 0.67 0.7 0.42 0.25
"1092" 0.47 0.44 0.53 0.18 0.47 0.29
"1093" 0.4 0.49 0.53 0.23 0.44 0.26
"1094" 0.45 0.65 0.51 0.17 0.49 0.22
"1095" 0.42 0.42 0.55 0.31 0.43 0.22
"1096" 0.45 0.41 0.53 0.49 0.49 0.31
"1097" 0.42 0.28 0.49 0.22 0.55 0.34
"1098" 0.47 0.5 0.47 0.22 0.53 0.45
"1099" 0.33 0.42 0.55 0.23 0.52 0.43
"1100" 0.56 0.55 0.57 0.15 0.54 0.25
"1101" 0.37 0.47 0.49 0.12 0.47 0.31
"1102" 0.32 0.6 0.48 0.13 0.53 0.22
"1103" 0.38 0.42 0.31 0.35 0.52 0.22
"1104" 0.46 0.56 0.56 0.25 0.43 0.22
"1105" 0.47 0.55 0.57 0.17 0.52 0.66
"1106" 0.37 0.55 0.52 0.13 0.42 0.8
"1107" 0.46 0.48 0.38 0.22 0.39 0.45
"1108" 0.8 0.69 0.53 0.33 0.51 0.22
"1109" 0.52 0.65 0.36 0.37 0.52 0.34
"1110" 0.19 0.16 0.68 0.36 0.49 0.21
"1111" 0.64 0.31 0.53 0.15 0.53 0.31
"1112" 0.4 0.43 0.36 0.33 0.51 0.22
"1113" 0.47 0.56 0.51 0.2 0.52 0.59
"1114" 0.4 0.75 0.44 0.12 0.49 0.22
"1115" 0.48 0.55 0.58 0.18 0.38 0.69
"1116" 0.57 0.51 0.34 0.13 0.53 0.27
"1117" 0.23 0.37 0.32 0.13 0.53 0.22
"1118" 0.54 0.5 0.51 0.26 0.52 0.22
"1119" 0.6 0.64 0.56 0.36 0.46 0.27
"1120" 0.27 0.41 0.24 0.2 0.49 0.22
"1121" 0.25 0.35 0.22 0.18 0.46 0.22
"1122" 0.39 0.45 0.51 0.29 0.54 0.22
"1123" 0.33 0.47 0.55 0.24 0.45 0.67
"1124" 0.37 0.4 0.38 0.18 0.51 0.22
"1125" 0.43 0.47 0.47 0.18 0.47 0.22
"1126" 0.66 0.43 0.57 0.6 0.19 0.33
"1127" 0.55 0.4 0.62 0.22 0.37 0.28
"1128" 0.33 0.46 0.6 0.18 0.51 0.26
"1129" 0.51 0.5 0.54 0.11 0.6 0.22
"1130" 0.54 0.6 0.57 0.17 0.44 0.22
"1131" 0.45 0.57 0.38 0.28 0.53 0.31
"1132" 0.55 0.57 0.51 0.07 0.55 0.22
"1133" 0.54 0.47 0.58 0.4 0.46 0.27
"1134" 0.36 0.32 0.55 0.27 0.47 0.43
"1135" 0.46 0.41 0.45 0.23 0.48 0.22
"1136" 0.4 0.39 0.6 0.23 0.52 0.31
"1137" 0.52 0.47 0.58 0.18 0.34 0.11
"1138" 0.52 0.47 0.58 0.18 0.34 0.11
"1139" 0.5 0.45 0.51 0.19 0.53 0.25
"1140" 0.57 0.55 0.51 0.18 0.51 0.43
"1141" 0.44 0.43 0.46 0.28 0.45 0.29
"1142" 0.46 0.5 0.5 0.28 0.5 0.37
"1143" 0.66 0.65 0.54 0.4 0.51 0.22
"1144" 0.77 0.73 0.49 0.46 0.38 0.22
"1145" 0.38 0.58 0.46 0.21 0.52 0.22
"1146" 0.32 0.68 0.51 0.16 0.55 0.22
"1147" 0.27 0.46 0.52 0.17 0.49 0.44
"1148" 0.52 0.45 0.45 0.13 0.48 0.22
"1149" 0.37 0.29 0.45 0.15 0.49 0.22
"1150" 0.37 0.48 0.67 0.37 0.56 0.62
"1151" 0.44 0.59 0.54 0.18 0.49 0.22
"1152" 0.48 0.65 0.36 0.24 0.54 0.31
"1153" 0.59 0.49 0.45 0.22 0.45 0.31
"1154" 0.73 0.52 0.59 0.25 0.51 0.22
"1155" 0.5 0.43 0.5 0.17 0.46 0.47
"1156" 0.23 0.13 0.51 0.16 0.53 0.51
"1157" 0.49 0.6 0.54 0.35 0.53 0.46
"1158" 0.52 0.31 0.56 0.16 0.55 0.22
"1159" 0.49 0.48 0.51 0.21 0.53 0.22
"1160" 0.49 0.6 0.42 0.18 0.58 0.28
"1161" 0.6 0.62 0.54 0.11 0.51 0.22
"1162" 0.55 0.47 0.53 0.2 0.4 0.22
"1163" 0.47 0.32 0.51 0.24 0.54 0.27
"1164" 0.53 0.25 0.59 0.27 0.45 0.26
"1165" 0.31 0.5 0.54 0.32 0.53 0.31
"1166" 0.25 0.33 0.48 0.18 0.42 0.33
"1167" 0.55 0.46 0.47 0.15 0.47 0.22
"1168" 0.61 0.5 0.61 0.21 0.55 0.54
"1169" 0.5 0.52 0.51 0.22 0.46 0.37
"1170" 0.62 0.33 0.49 0.24 0.51 0.42
"1171" 0.56 0.52 0.46 0.17 0.49 0.73
"1172" 0.52 0.56 0.55 0.16 0.53 0.39
"1173" 0.53 0.48 0.51 0.18 0.52 0.27
"1174" 0.51 0.48 0.51 0.19 0.51 0.27
"1175" 0.51 0.48 0.51 0.26 0.51 0.27
"1176" 0.53 0.48 0.51 0.18 0.51 0.27
"1177" 0.6 0.46 0.51 0.1 0.48 0.31
"1178" 0.6 0.46 0.51 0.1 0.48 0.31
"1179" 0.44 0.39 0.63 0.11 0.49 0.26
"1180" 0.51 0.5 0.49 0.45 0.48 0.22
"1181" 0.45 0.45 0.51 0.3 0.48 0.44
"1182" 0.38 0.42 0.47 0.12 0.47 0.53
"1183" 0.19 0.66 0.6 0.14 0.2 0.25
"1184" 0.41 0.42 0.23 0.16 0.4 0.22
"1185" 0.25 0.42 0.21 0.14 0.41 0.22
"1186" 0.7 0.58 0.53 0.39 0.59 0.22
"1187" 0.49 0.31 0.43 0.24 0.54 0.22
"1188" 0.46 0.41 0.43 0.18 0.54 0.22
"1189" 0.83 0.81 0.45 0.38 0.4 0.26
"1190" 0.38 0.51 0.56 0.21 0.48 0.31
"1191" 0.32 0.36 0.28 0.38 0.5 0.4
"1192" 0.4 0.65 0.38 0.17 0.57 0.22
"1193" 0.36 0.37 0.63 0.25 0.3 0.22
"1194" 0.49 0.55 0.41 0.19 0.48 0.31
"1195" 0.3 0.45 0.55 0.19 0.53 0.4
"1196" 0.88 0.72 0.32 0.3 0.52 0.33
"1197" 0.44 0.4 0.53 0.19 0.48 0.27
"1198" 0.45 0.57 0.52 0.21 0.54 0.38
"1199" 0.46 0.61 0.38 0.35 0.49 0.22
"1200" 0.55 0.41 0.67 0.61 0.49 0.14
"1201" 0.28 0.18 0.72 0.26 0.49 0.25
"1202" 0.66 0.65 0.53 0.17 0.47 0.66
"1203" 0.36 0.5 0.39 0.23 0.5 0.22
"1204" 0.48 0.54 0.56 0.29 0.51 0.43
"1205" 0.33 0.37 0.49 0.22 0.55 0.22
"1206" 0.58 0.43 0.32 0.11 0.49 0.22
"1207" 0.58 0.64 0.42 0.3 0.54 0.22
"1208" 0.74 0.82 0.46 0.24 0.5 0.31
"1209" 0.74 0.82 0.46 0.24 0.48 0.22
"1210" 0.75 0.76 0.58 0.22 0.49 0.22
"1211" 0.58 0.37 0.58 0.16 0.51 0.22
"1212" 0.39 0.39 0.65 0.16 0.45 0.22
"1213" 0.51 0.59 0.55 0.21 0.52 0.22
"1214" 0.41 0.35 0.6 0.22 0.56 0.79
"1215" 0.43 0.28 0.41 0.32 0.52 0.22
"1216" 0.41 0.49 0.55 0.13 0.55 0.22
"1217" 0.23 0.29 0.46 0 0.43 0.31
"1218" 0.25 0.48 0.45 0.32 0.4 0.22
"1219" 0.38 0.34 0.55 0.44 0.48 0.26
"1220" 0.61 0.54 0.54 0.38 0.54 0.29
"1221" 0.48 0.17 0.37 0.33 0.44 0.36
"1222" 0.47 0.47 0.5 0.19 0.51 0.26
"1223" 0.55 0.38 0.52 0.16 0.49 0.64
"1224" 0.41 0.39 0.61 0.17 0.5 0.61
"1225" 0.41 0.56 0.53 0.16 0.55 0.26
"1226" 0.78 0.73 0.27 0.28 0.56 0.22
"1227" 0.31 0.51 0.38 0.18 0.46 0.31
"1228" 0.63 0.64 0.49 0.2 0.52 0.25
"1229" 0.31 0.4 0.31 0.17 0.52 0.22
"1230" 0.44 0.65 0.49 0.16 0.48 0.31
"1231" 0.48 0.44 0.46 0.37 0.46 0.36
"1232" 0.5 0.49 0.46 0.22 0.53 0.25
"1233" 0.62 0.42 0.47 0.16 0.52 0.22
"1234" 0.5 0.45 0.52 0.18 0.52 0.22
"1235" 0.59 0.51 0.47 0.21 0.47 0.22
"1236" 0.39 0.47 0.49 0.2 0.53 0.26
"1237" 0.49 0.48 0.52 0.24 0.5 0.22
"1238" 0.59 0.48 0.49 0.42 0.52 0.22
"1239" 0.57 0.35 0.5 0.43 0.53 0.22
"1240" 0.61 0.52 0.5 0.44 0.53 0.22
"1241" 0.49 0.51 0.52 0.13 0.51 0.33
"1242" 0.45 0.4 0.56 0.15 0.52 0.22
"1243" 0.63 0.43 0.48 0.11 0.51 0.22
"1244" 0.63 0.43 0.48 0.11 0.51 0.22
"1245" 0.52 0.45 0.53 0.34 0.52 0.44
"1246" 0.54 0.48 0.55 0.33 0.55 0.4
"1247" 0.55 0.79 0.45 0.25 0.51 0.22
"1248" 0.58 0.51 0.63 0.2 0.5 0.42
"1249" 0.63 0.58 0.57 0.1 0.52 0.33
"1250" 0.54 0.67 0.56 0.15 0.57 0.33
"1251" 0.41 0.59 0.65 0.14 0.49 0.33
"1252" 0.47 0.38 0.5 0.15 0.49 0.47
"1253" 0.33 0.17 0.52 0.13 0.51 0.75
"1254" 0.42 0.5 0.59 0.17 0.51 0.22
"1255" 0.54 0.55 0.55 0.4 0.53 0.22
"1256" 0.31 0.31 0.57 0.15 0.5 0.22
"1257" 0.38 0.42 0.5 0.19 0.44 0.22
"1258" 0.33 0.36 0.62 0.26 0.55 0.22
"1259" 0.38 0.42 0.5 0.19 0.44 0.22
"1260" 0.47 0.56 0.58 0.19 0.44 0.64
"1261" 0.32 0.32 0.52 0.18 0.48 0.34
"1262" 0.28 0.27 0.5 0.14 0.5 0.28
"1263" 0.41 0.46 0.57 0.25 0.57 0.38
"1264" 0.44 0.54 0.51 0.16 0.58 0.22
"1265" 0.44 0.55 0.51 0.16 0.6 0.22
"1266" 0.77 0.7 0.44 0.29 0.56 0.22
"1267" 0.4 0.56 0.53 0.15 0.49 0.22
"1268" 0.79 0.79 0.42 0.26 0.6 0.22
"1269" 0.8 0.83 0.43 0.24 0.54 0.22
"1270" 0.58 0.55 0.51 0.13 0.52 0.22
"1271" 0.55 0.69 0.51 0.12 0.51 0.22
"1272" 0.47 0.46 0.53 0.12 0.51 0.25
"1273" 0.57 0.29 0.63 0.22 0.49 0.27
"1274" 0.52 0.49 0.59 0.21 0.47 0.22
"1275" 0.41 0.42 0.53 0.17 0.48 0.58
"1276" 0.45 0.36 0.5 0.19 0.53 0.7
"1277" 0.53 0.51 0.54 0.21 0.45 0.22
"1278" 0.49 0.5 0.42 0.43 0.5 0.36
"1279" 0.44 0.49 0.49 0.27 0.52 0.22
"1280" 0.25 0.26 0.53 0.17 0.45 0.22
"1281" 0.49 0.46 0.54 0.18 0.35 0.22
"1282" 0.42 0.37 0.54 0.17 0.51 0.22
"1283" 0.42 0.45 0.75 0.21 0.48 0.22
"1284" 0.39 0.45 0.75 0.17 0.51 0.22
"1285" 0.63 0.54 0.53 0.27 0.49 0.22
"1286" 0.54 0.43 0.48 0.27 0.44 0.41
"1287" 0.4 0.44 0.5 0.13 0.52 0.39
"1288" 0.55 0.39 0.39 0.47 0.5 0.83
"1289" 0.59 0.48 0.41 0.53 0.48 0.56
"1290" 0.49 0.38 0.49 0.15 0.53 0.25
"1291" 0.53 0.45 0.52 0.29 0.55 0.38
"1292" 0.62 0.6 0.54 0.22 0.54 0.27
"1293" 0.33 0.46 0.53 0.12 0.5 0.27
"1294" 0.57 0.36 0.51 0.25 0.54 0.25
"1295" 0.45 0.76 0.51 0.25 0.59 0.22
"1296" 0.48 0.44 0.51 0.24 0.49 0.22
"1297" 0.59 0.64 0.44 0.26 0.5 0.22
"1298" 0.79 0.56 0.53 0.19 0.47 0.35
"1299" 0.5 0.5 0.48 0.34 0.52 0.27
"1300" 0.79 0.62 0.35 0.35 0.6 0.28
"1301" 0.52 0.5 0.6 0.2 0.52 0.22
"1302" 0.59 0.46 0.57 0.17 0.52 0.22
"1303" 0.53 0.42 0.53 0.19 0.47 0.22
"1304" 0.59 0.46 0.55 0.17 0.52 0.25
"1305" 0.61 0.73 0.5 0.58 0.5 0.22
"1306" 0.5 0.43 0.56 0.17 0.35 0.22
"1307" 0.36 0.52 0.61 0.33 0.52 0.37
"1308" 0.66 0.54 0.53 0.17 0.54 0.22
"1309" 0.52 0.51 0.48 0.12 0.54 0.31
"1310" 0.56 0.46 0.51 0.25 0.54 0.22
"1311" 0.47 0.46 0.49 0.27 0.59 0.22
"1312" 0.5 0.46 0.49 0.27 0.6 0.22
"1313" 0.43 0.48 0.36 0.26 0.52 0.22
"1314" 0.5 0.44 0.57 0.28 0.57 0.22
"1315" 0.46 0.47 0.62 0.3 0.38 0.22
"1316" 0.59 0.7 0.46 0.19 0.54 0.44
"1317" 0.19 0.41 0.55 0.13 0.52 0.25
"1318" 0.27 0.43 0.5 0.13 0.54 0.31
"1319" 0.42 0.46 0.44 0.17 0.51 0.42
"1320" 0.49 0.36 0.47 0.28 0.56 0.54
"1321" 0.42 0.51 0.33 0.16 0.54 0.22
"1322" 0.34 0.42 0.48 0.19 0.46 0.31
"1323" 0.6 0.57 0.63 0.22 0.5 0.49
"1324" 0.53 0.44 0.54 0.52 0.49 0.38
"1325" 0.48 0.39 0.56 0.23 0.6 0.22
"1326" 0.56 0.49 0.47 0.13 0.52 0.22
"1327" 0.47 0.59 0.56 0.09 0.5 0.22
"1328" 0.4 0.28 0.58 0.44 0.41 0.22
"1329" 0.54 0.35 0.55 0.19 0.3 0.22
"1330" 0.5 0.47 0.45 0.14 0.53 0.32
"1331" 0.55 0.49 0.6 0.18 0.51 0.22
"1332" 0.55 0.44 0.5 0.09 0.55 0.22
"1333" 0.66 0.37 0.6 0.25 0.69 0.22
"1334" 0.51 0.49 0.48 0.55 0.52 0.58
"1335" 0.36 0.51 0.51 0.17 0.52 0.22
"1336" 0.68 0.68 0.35 0.16 0.62 0.22
"1337" 0.44 0.35 0.55 0.14 0.52 0.22
"1338" 0.73 0.59 0.35 0.15 0.54 0.22
"1339" 0.6 0.37 0.52 0.15 0.55 0.26
"1340" 0.64 0.61 0.56 0.15 0.54 0.22
"1341" 0.48 0.58 0.58 0.12 0.49 0.22
"1342" 0.65 0.58 0.53 0.21 0.51 0.22
"1343" 0.48 0.49 0.49 0.26 0.39 0.27
"1344" 0.57 0.54 0.32 0.15 0.52 0.25
"1345" 0.4 0.36 0.32 0.16 0.51 0.27
"1346" 0.5 0.55 0.52 0.16 0.51 0.31
"1347" 0.65 0.63 0.47 0.22 0.52 0.27
"1348" 0.41 0.48 0.51 0.2 0.51 0.22
"1349" 0.25 0.4 0.54 0.16 0.43 0.22
"1350" 0.63 0.56 0.52 0.21 0.5 0.22
"1351" 0.56 0.68 0.42 0.36 0.49 0.22
"1352" 0.57 0.47 0.48 0.17 0.52 0.26
"1353" 0.46 0.52 0.51 0.13 0.47 0.22
"1354" 0.5 0.4 0.57 0.17 0.59 0.22
"1355" 0.78 0.71 0.35 0.25 0.49 0.22
"1356" 0.64 0.56 0.52 0.17 0.54 0.47
"1357" 1 0.8 0.29 0.36 0.52 0.22
"1358" 0.51 0.39 0.56 0.55 0.46 0.64
"1359" 0.69 0.66 0.36 0.09 0.56 0.22
"1360" 0.4 0.45 0.45 0.15 0.53 0.48
"1361" 0.49 0.53 0.36 0.15 0.52 0.27
"1362" 0.39 0.63 0.41 0.27 0.49 0.22
"1363" 0.45 0.51 0.43 0.22 0.57 0.22
"1364" 0.77 0.78 0.27 0.37 0.49 0.22
"1365" 0.88 0.75 0.41 0.36 0.43 0.22
"1366" 0.49 0.49 0.4 0.2 0.48 0.26
"1367" 0.57 0.53 0.6 0.28 0.52 0.45
"1368" 0.53 0.52 0.49 0.27 0.51 0.22
"1369" 0.5 0.47 0.56 0.31 0.56 0.26
"1370" 0.71 0.79 0.41 0.38 0.54 0.22
"1371" 0.33 0.49 0.46 0.22 0.53 0.33
"1372" 0.47 0.41 0.46 0.18 0.53 0.22
"1373" 0.45 0.39 0.46 0.29 0.42 0.22
"1374" 0.59 0.56 0.5 0.48 0.46 0.22
"1375" 0.32 0.3 0.57 0.38 0.5 0.25
"1376" 0.26 0.3 0.37 0.15 0.53 0.25
"1377" 0.28 0.41 0.46 0.18 0.47 0.39
"1378" 0.45 0.5 0.43 0.16 0.52 0.28
"1379" 0.24 0.25 0.57 0.28 0.51 0.11
"1380" 0.46 0.61 0.55 0.29 0.49 0.22
"1381" 0.54 0.44 0.38 0.22 0.54 0.3
"1382" 0.22 0.53 0.36 0.22 0.54 0.31
"1383" 0.25 0.41 0.47 0.14 0.56 0.68
"1384" 0.43 0.41 0.37 0.18 0.54 0.31
"1385" 0.4 0.44 0.47 0.25 0.54 0.56
"1386" 0.46 0.59 0.38 0.12 0.5 0.22
"1387" 0.8 0.82 0.4 0.31 0.57 0.25
"1388" 0.29 0.39 0.46 0.36 0.51 0.22
"1389" 0.4 0.4 0.43 0.19 0.48 0.22
"1390" 0.57 0.52 0.46 0.2 0.52 0.41
"1391" 0.43 0.6 0.4 0.12 0.49 0.29
"1392" 0.56 0.71 0.47 0.21 0.52 0.22
"1393" 0.65 0.62 0.26 0.33 0.55 0.22
"1394" 0.77 0.7 0.37 0.12 0.49 0.26
"1395" 0.47 0.61 0.32 0.27 0.5 0.3
"1396" 0.71 0.51 0.49 0.23 0.3 0.32
"1397" 0.59 0.48 0.49 0.49 0.36 0.32
"1398" 0.58 0.63 0.52 0.7 0.46 0.22
"1399" 0.3 0.68 0.41 0.17 0.51 0.22
"1400" 0.74 0.73 0.32 0.2 0.55 0.22
"1401" 0.55 0.35 0.36 0.29 0.51 0.22
"1402" 0.35 0.32 0.31 0.16 0.56 0.22
"1403" 0.67 0.61 0.39 0.24 0.51 0.22
"1404" 0.69 0.57 0.39 0.19 0.48 0.39
"1405" 0.47 0.41 0.53 0.27 0.47 0.25
"1406" 0.39 0.56 0.34 0.18 0.49 0.22
"1407" 0.51 0.38 0.42 0.21 0.46 0.34
"1408" 0.32 0.45 0.39 0.14 0.45 0.22
"1409" 0.75 0.73 0.35 0.33 0.49 0.28
"1410" 0.54 0.54 0.56 0.18 0.46 0.29
"1411" 0.71 0.64 0.42 0.28 0.43 0.22
"1412" 0.28 0.48 0.36 0.16 0.53 0.22
"1413" 0.58 0.44 0.45 0.32 0.52 0.37
"1414" 0.52 0.65 0.36 0.26 0.44 0.22
"1415" 0.64 0.44 0.56 0.15 0.56 0.22
"1416" 0.48 0.58 0.47 0.17 0.53 0.74
"1417" 0.42 0.71 0.45 0.15 0.48 0.22
"1418" 0.38 0.37 0.36 0.14 0.54 0.22
"1419" 0.4 0.4 0.44 0.37 0.53 0.25
"1420" 0.38 0.56 0.38 0.16 0.53 0.22
"1421" 0.8 0.79 0.43 0.25 0.52 0.22
"1422" 0.63 0.65 0.42 0.18 0.54 0.27
"1423" 0.47 0.4 0.63 0.19 0.52 0.32
"1424" 0.83 0.94 0.32 0.21 0.51 0.22
"1425" 0.61 0.76 0.3 0.16 0.45 0.41
"1426" 0.33 0.38 0.47 0.14 0.51 0.47
"1427" 0.38 0.67 0.33 0.17 0.51 0.22
"1428" 0.39 0.33 0.33 0.23 0.47 0.22
"1429" 0.5 0.63 0.45 0.13 0.45 0.32
"1430" 0.2 0.6 0.5 0.29 0.51 0.22
"1431" 0.29 0.26 0.43 0.17 0.55 0.3
"1432" 0.51 0.46 0.41 0.36 0.49 0.22
"1433" 0.92 0.66 0.52 0.23 0.53 0.22
"1434" 0.49 0.56 0.37 0.2 0.53 0.22
"1435" 0.86 0.78 0.34 0.15 0.53 0.22
"1436" 0.38 0.44 0.57 0.14 0.53 0.52
"1437" 0.72 0.73 0.41 0.28 0.44 0.22
"1438" 0.8 0.73 0.47 0.19 0.49 0.22
"1439" 0.49 0.55 0.35 0.23 0.57 0.22
"1440" 0.63 0.71 0.44 0.53 0.52 0.22
"1441" 0.6 0.68 0.3 0.27 0.55 0.22
"1442" 0.4 0.43 0.49 0.17 0.51 0.36
"1443" 0.82 0.63 0.47 0.18 0.5 0.22
"1444" 0.77 0.68 0.35 0.19 0.53 0.43
"1445" 0.51 0.59 0.46 0.13 0.48 0.22
"1446" 0.52 0.46 0.34 0.2 0.51 0.25
"1447" 0.47 0.5 0.6 0.63 0.38 0.16
"1448" 0.34 0.24 0.51 0.15 0.54 0.4
"1449" 0.35 0.29 0.46 0.14 0.54 0.66
"1450" 0.58 0.67 0.49 0.16 0.47 0.28
"1451" 0.85 0.85 0.3 0.31 0.55 0.42
"1452" 0.36 0.48 0.61 0.26 0.5 0.16
"1453" 0.41 0.25 0.59 0.44 0.6 0.69
"1454" 0.3 0.37 0.4 0.45 0.48 0.41
"1455" 0.57 0.59 0.49 0.86 0.47 0.22
"1456" 0.38 0.4 0.39 0.19 0.46 0.62
"1457" 0.77 0.74 0.37 0.29 0.45 0.22
"1458" 0.47 0.38 0.58 0.19 0.57 0.22
"1459" 0.5 0.61 0.44 0.2 0.49 0.22
"1460" 0.41 0.45 0.46 0.23 0.5 0.7
"1461" 0.46 0.62 0.46 0.54 0.51 0.27
"1462" 0.74 0.75 0.45 0.44 0.52 0.22
"1463" 0.52 0.53 0.58 0.69 0.5 0.22
"1464" 0.41 0.47 0.5 0.14 0.53 0.37
"1465" 0.25 0.4 0.52 0.15 0.56 0.28
"1466" 0.58 0.56 0.38 0.39 0.54 0.57
"1467" 0.32 0.29 0.29 0.08 0.52 0.22
"1468" 0.38 0.48 0.57 0.3 0.41 0.11
"1469" 0.39 0.58 0.47 0.18 0.48 0.22
"1470" 0.38 0.47 0.47 0.18 0.44 0.26
"1471" 0.63 0.57 0.5 0.48 0.51 0.22
"1472" 0.51 0.45 0.62 0.25 0.59 0.22
"1473" 0.59 0.67 0.54 0.19 0.48 0.6
"1474" 0.6 0.61 0.54 0.11 0.46 0.22
"1475" 0.48 0.61 0.57 0.17 0.45 0.22
"1476" 0.71 0.5 0.5 0.18 0.46 0.22
"1477" 0.61 0.48 0.54 0.25 0.5 0.22
"1478" 0.38 0.32 0.64 0.41 0.44 0.11
"1479" 0.38 0.4 0.66 0.35 0.43 0.11
"1480" 0.81 0.62 0.43 0.17 0.53 0.22
"1481" 0.47 0.43 0.61 0.4 0.48 0.47
"1482" 0.67 0.57 0.36 0.19 0.56 0.22
"1483" 0.43 0.4 0.6 0.16 0.53 0.39
"1484" 0.65 0.54 0.54 0.13 0.53 0.22
