"Sequence_Name" "mcg" "gvh" "alm" "mit" "erl" "pox" "vac" "nuc" "Localization_site"
"1" "ADT1_YEAST" 0.58 0.61 0.47 0.13 0.5 0 0.48 0.22 "MIT"
"2" "ADT2_YEAST" 0.43 0.67 0.48 0.27 0.5 0 0.53 0.22 "MIT"
"3" "ADT3_YEAST" 0.64 0.62 0.49 0.15 0.5 0 0.53 0.22 "MIT"
"4" "AAR2_YEAST" 0.58 0.44 0.57 0.13 0.5 0 0.54 0.22 "NUC"
"5" "AATM_YEAST" 0.42 0.44 0.48 0.54 0.5 0 0.48 0.22 "MIT"
"6" "AATC_YEAST" 0.51 0.4 0.56 0.17 0.5 0.5 0.49 0.22 "CYT"
"7" "ABC1_YEAST" 0.5 0.54 0.48 0.65 0.5 0 0.53 0.22 "MIT"
"8" "BAF1_YEAST" 0.48 0.45 0.59 0.2 0.5 0 0.58 0.34 "NUC"
"9" "ABF2_YEAST" 0.55 0.5 0.66 0.36 0.5 0 0.49 0.22 "MIT"
"10" "ABP1_YEAST" 0.4 0.39 0.6 0.15 0.5 0 0.58 0.3 "CYT"
"11" "ACE1_YEAST" 0.43 0.39 0.54 0.21 0.5 0 0.53 0.27 "NUC"
"12" "ACE2_YEAST" 0.42 0.37 0.59 0.2 0.5 0 0.52 0.29 "NUC"
"13" "ACH1_YEAST" 0.4 0.42 0.57 0.35 0.5 0 0.53 0.25 "CYT"
"14" "ACON_YEAST" 0.6 0.4 0.52 0.46 0.5 0 0.53 0.22 "MIT"
"15" "ACR1_YEAST" 0.66 0.55 0.45 0.19 0.5 0 0.46 0.22 "MIT"
"16" "ACT_YEAST" 0.46 0.44 0.52 0.11 0.5 0 0.5 0.22 "CYT"
"17" "ACT2_YEAST" 0.47 0.39 0.5 0.11 0.5 0 0.49 0.4 "CYT"
"18" "ACT3_YEAST" 0.58 0.47 0.54 0.11 0.5 0 0.51 0.26 "NUC"
"19" "ACT5_YEAST" 0.5 0.34 0.55 0.21 0.5 0 0.49 0.22 "NUC"
"20" "ADA2_YEAST" 0.61 0.6 0.55 0.21 0.5 0 0.5 0.25 "NUC"
"21" "C1TC_YEAST" 0.45 0.4 0.5 0.16 0.5 0 0.5 0.22 "CYT"
"22" "PUR4_YEAST" 0.43 0.44 0.48 0.22 0.5 0 0.51 0.22 "CYT"
"23" "PUR3_YEAST" 0.73 0.63 0.42 0.3 0.5 0 0.49 0.22 "CYT"
"24" "ADH1_YEAST" 0.43 0.53 0.52 0.13 0.5 0 0.55 0.22 "CYT"
"25" "ADH2_YEAST" 0.46 0.53 0.52 0.15 0.5 0 0.58 0.22 "CYT"
"26" "ADH3_YEAST" 0.51 0.51 0.52 0.51 0.5 0 0.54 0.22 "MIT"
"27" "ADH4_YEAST" 0.59 0.45 0.53 0.19 0.5 0 0.59 0.27 "CYT"
"28" "KAD1_YEAST" 0.57 0.47 0.6 0.18 0.5 0 0.51 0.22 "CYT"
"29" "KAD2_YEAST" 0.63 0.67 0.57 0.24 0.5 0 0.49 0.22 "MIT"
"30" "ADP1_YEAST" 0.8 0.88 0.36 0.39 0.5 0 0.56 0.33 "ME1"
"31" "ADR1_YEAST" 0.53 0.54 0.43 0.1 0.5 0 0.57 0.32 "NUC"
"32" "AFG3_YEAST" 0.51 0.51 0.43 0.87 0.5 0 0.52 0.22 "MIT"
"33" "AFR1_YEAST" 0.38 0.61 0.61 0.12 0.5 0 0.53 0.47 "CYT"
"34" "RCS1_YEAST" 0.33 0.55 0.51 0.43 0.5 0 0.51 0.22 "NUC"
"35" "AGA1_YEAST" 0.78 0.74 0.42 0.26 0.5 0 0.43 0.22 "ME1"
"36" "AGA2_YEAST" 0.74 0.67 0.47 0.34 0.5 0 0.42 0.22 "EXC"
"37" "YMX1_YEAST" 0.72 0.61 0.45 0.3 0.5 0 0.54 0.25 "MIT"
"38" "SYAC_YEAST" 0.4 0.45 0.57 0.18 0.5 0 0.56 0.26 "CYT"
"39" "DHA1_YEAST" 0.59 0.53 0.43 0.44 0.5 0 0.5 0.22 "MIT"
"40" "DHA2_YEAST" 0.57 0.53 0.53 0.34 0.5 0 0.53 0.22 "MIT"
"41" "ALG1_YEAST" 0.86 0.68 0.39 0.24 0.5 0 0.54 0.22 "ME2"
"42" "ALG5_YEAST" 0.86 0.74 0.51 0.4 0.5 0 0.55 0.22 "ME2"
"43" "GPT_YEAST" 0.79 0.57 0.41 0.28 0.5 0 0.59 0.22 "ME2"
"44" "ALG8_YEAST" 0.41 0.54 0.39 0.2 0.5 0 0.51 0.22 "ME3"
"45" "MAN1_YEAST" 0.37 0.36 0.56 0.18 0.5 0 0.48 0.26 "VAC"
"46" "ANC1_YEAST" 0.53 0.31 0.58 0.39 0.5 0 0.47 0.37 "NUC"
"47" "ANP1_YEAST" 0.74 0.75 0.58 0.47 0.5 0 0.4 0.35 "ME2"
"48" "APE2_YEAST" 0.49 0.39 0.52 0.29 0.5 0 0.48 0.22 "EXC"
"49" "APE3_YEAST" 0.74 0.57 0.51 0.28 0.5 0 0.58 0.22 "VAC"
"50" "ALP1_YEAST" 0.42 0.24 0.34 0.16 0.5 0 0.5 0.22 "ME3"
"51" "ADB2_YEAST" 0.48 0.39 0.51 0.21 0.5 0 0.52 0.28 "CYT"
"52" "YHB9_YEAST" 0.41 0.53 0.45 0.14 0.5 0 0.52 0.66 "ME3"
"53" "APN1_YEAST" 0.45 0.46 0.55 0.43 0.5 0 0.55 0.38 "NUC"
"54" "ARD1_YEAST" 0.56 0.48 0.58 0.27 0.5 0 0.51 0.22 "CYT"
"55" "ARF1_YEAST" 0.64 0.59 0.56 0.23 0.5 0 0.46 0.22 "CYT"
"56" "ARF2_YEAST" 0.64 0.56 0.56 0.22 0.5 0 0.45 0.22 "CYT"
"57" "ASSY_YEAST" 0.66 0.62 0.49 0.1 0.5 0 0.49 0.22 "CYT"
"58" "OTC_YEAST" 0.53 0.44 0.51 0.33 0.5 0 0.55 0.22 "CYT"
"59" "ARLY_YEAST" 0.38 0.49 0.53 0.19 0.5 0 0.5 0.22 "CYT"
"60" "AR56_YEAST" 0.45 0.58 0.48 0.67 0.5 0 0.52 0.22 "MIT"
"61" "ARGD_YEAST" 0.43 0.35 0.52 0.52 0.5 0 0.54 0.22 "MIT"
"62" "ARG1_YEAST" 0.37 0.32 0.47 0.18 0.5 0 0.45 0.25 "NUC"
"63" "ARG2_YEAST" 0.48 0.43 0.51 0.32 0.5 0 0.52 0.43 "NUC"
"64" "ARG3_YEAST" 0.41 0.46 0.59 0.19 0.5 0 0.58 0.27 "NUC"
"65" "ARO1_YEAST" 0.54 0.48 0.44 0.08 0.5 0 0.52 0.27 "CYT"
"66" "AROC_YEAST" 0.6 0.47 0.45 0.22 0.5 0 0.51 0.29 "CYT"
"67" "AROF_YEAST" 0.34 0.46 0.57 0.09 0.5 0 0.55 0.22 "CYT"
"68" "AROG_YEAST" 0.48 0.54 0.55 0.12 0.5 0 0.51 0.22 "CYT"
"69" "CHMU_YEAST" 0.47 0.39 0.59 0.15 0.5 0 0.57 0.22 "CYT"
"70" "ASG2_YEAST" 0.81 0.85 0.47 0.37 0.5 0 0.56 0.22 "EXC"
"71" "AST1_YEAST" 0.48 0.42 0.52 0.24 0.5 0 0.56 0.22 "CYT"
"72" "ATE1_YEAST" 0.58 0.51 0.49 0.27 0.5 0 0.57 0.29 "CYT"
"73" "ATM1_YEAST" 0.6 0.5 0.44 0.61 0.5 0 0.47 0.22 "MIT"
"74" "ATPA_YEAST" 0.45 0.55 0.54 0.66 0.5 0 0.47 0.22 "MIT"
"75" "ATPY_YEAST" 0.46 0.49 0.58 0.23 0.5 0 0.44 0.22 "MIT"
"76" "ATPS_YEAST" 0.49 0.42 0.56 0.55 0.5 0 0.42 0.25 "MIT"
"77" "ATPT_YEAST" 0.63 0.53 0.54 0.4 0.5 0 0.5 0.22 "MIT"
"78" "ATPU_YEAST" 0.5 0.54 0.53 0.54 0.5 0 0.51 0.27 "MIT"
"79" "ATPE_YEAST" 0.63 0.57 0.59 0.4 0.5 0 0.38 0.22 "MIT"
"80" "ATPB_YEAST" 0.43 0.57 0.51 0.49 0.5 0 0.48 0.22 "MIT"
"81" "ATPG_YEAST" 0.48 0.45 0.55 0.5 0.5 0 0.53 0.22 "MIT"
"82" "ATPD_YEAST" 0.5 0.58 0.46 0.46 0.5 0 0.46 0.22 "MIT"
"83" "ATPO_YEAST" 0.51 0.54 0.6 0.57 0.5 0 0.58 0.22 "MIT"
"84" "ATP7_YEAST" 0.54 0.52 0.63 0.37 0.5 0 0.46 0.22 "MIT"
"85" "ATP8_YEAST" 0.67 0.62 0.4 0.43 0.5 0.83 0.5 0.22 "MIT"
"86" "ATR1_YEAST" 0.28 0.58 0.21 0.13 0.5 0 0.51 0.22 "ME3"
"87" "YBR8_YEAST" 0.39 0.44 0.35 0.16 0.5 0 0.55 0.22 "ME3"
"88" "BAR1_YEAST" 0.8 0.63 0.45 0.29 0.5 0 0.51 0.22 "EXC"
"89" "BAS1_YEAST" 0.5 0.52 0.59 0.3 0.5 0 0.51 0.35 "NUC"
"90" "BCK1_YEAST" 0.42 0.47 0.52 0.41 0.5 0 0.53 0.32 "CYT"
"91" "BCK2_YEAST" 0.36 0.46 0.62 0.46 0.5 0 0.51 0.33 "CYT"
"92" "BCS1_YEAST" 0.46 0.38 0.47 0.22 0.5 0 0.52 0.27 "MIT"
"93" "KAPR_YEAST" 0.4 0.45 0.56 0.2 0.5 0 0.45 0.22 "CYT"
"94" "BDF1_YEAST" 0.33 0.43 0.64 0.16 0.5 0 0.52 0.52 "NUC"
"95" "BEM1_YEAST" 0.49 0.61 0.49 0.25 0.5 0 0.5 0.28 "CYT"
"96" "BET1_YEAST" 0.38 0.5 0.37 0.26 0.5 0 0.43 0.22 "ME3"
"97" "BGL2_YEAST" 0.69 0.7 0.52 0.36 0.5 0 0.46 0.22 "EXC"
"98" "CYBM_YEAST" 0.61 0.72 0.39 0.33 0.5 0 0.58 0.22 "MIT"
"99" "YMC4_YEAST" 0.78 0.75 0.4 0.28 0.5 0 0.53 0.22 "MIT"
"100" "BIK1_YEAST" 0.64 0.57 0.57 0.27 0.5 0 0.37 0.22 "CYT"
"101" "BOS1_YEAST" 0.36 0.58 0.35 0.24 0.5 0 0.44 0.22 "ME3"
"102" "BSD2_YEAST" 0.36 0.43 0.39 0.12 0.5 0 0.49 0.22 "ME3"
"103" "BUD5_YEAST" 0.47 0.52 0.5 0.4 0.5 0 0.41 0.22 "CYT"
"104" "CAD1_YEAST" 0.48 0.23 0.57 0.27 0.5 0 0.48 0.47 "NUC"
"105" "CAP2_YEAST" 0.47 0.39 0.55 0.24 0.5 0 0.47 0.22 "CYT"
"106" "CAN1_YEAST" 0.44 0.59 0.36 0.16 0.5 0 0.52 0.22 "ME3"
"107" "CAPA_YEAST" 0.42 0.35 0.54 0.18 0.5 0 0.56 0.22 "CYT"
"108" "CAPB_YEAST" 0.3 0.56 0.55 0.18 0.5 0 0.5 0.22 "CYT"
"109" "ARGI_YEAST" 0.65 0.65 0.52 0.16 0.5 0 0.6 0.22 "CYT"
"110" "OAT_YEAST" 0.27 0.6 0.48 0.23 0.5 0 0.55 0.22 "CYT"
"111" "CACP_YEAST" 0.45 0.41 0.5 0.46 0.5 0.5 0.5 0.27 "POX"
"112" "CAT8_YEAST" 0.44 0.52 0.41 0.23 0.5 0 0.51 0.22 "NUC"
"113" "CBF1_YEAST" 0.3 0.32 0.57 0.19 0.5 0 0.48 0.55 "NUC"
"114" "CB32_YEAST" 0.4 0.44 0.49 0.47 0.5 0 0.49 0.27 "NUC"
"115" "CBF5_YEAST" 0.45 0.51 0.5 0.16 0.5 0 0.52 1 "NUC"
"116" "CBP1_YEAST" 0.45 0.45 0.5 0.6 0.5 0 0.49 0.22 "MIT"
"117" "CBP2_YEAST" 0.59 0.67 0.56 0.41 0.5 0 0.47 0.22 "MIT"
"118" "CBP3_YEAST" 0.47 0.47 0.57 0.48 0.5 0 0.48 0.22 "MIT"
"119" "CBP4_YEAST" 0.35 0.52 0.48 0.22 0.5 0 0.26 0.22 "MIT"
"120" "CBP6_YEAST" 0.47 0.41 0.66 0.26 0.5 0 0.53 0.22 "MIT"
"121" "NC5R_YEAST" 0.64 0.62 0.29 0.28 0.5 0 0.51 0.22 "MIT"
"122" "CBS1_YEAST" 0.55 0.53 0.55 0.46 0.5 0 0.52 0.22 "MIT"
"123" "CBS2_YEAST" 0.67 0.62 0.54 0.43 0.5 0 0.53 0.22 "MIT"
"124" "TNT_YEAST" 0.59 0.6 0.49 0.43 0.5 0 0.53 0.31 "MIT"
"125" "ATU1_YEAST" 0.54 0.55 0.34 0.31 0.5 0 0.54 0.22 "ME3"
"126" "CCE1_YEAST" 0.58 0.62 0.54 0.17 0.5 0 0.48 0.22 "MIT"
"127" "CCL1_YEAST" 0.4 0.38 0.53 0.16 0.5 0 0.52 0.27 "NUC"
"128" "CCPR_YEAST" 0.46 0.71 0.48 0.53 0.5 0 0.53 0.22 "MIT"
"129" "CCR4_YEAST" 0.53 0.51 0.55 0.05 0.5 0 0.45 0.25 "NUC"
"130" "CTPT_YEAST" 0.41 0.4 0.59 0.47 0.5 0 0.48 0.43 "CYT"
"131" "CC10_YEAST" 0.5 0.64 0.57 0.15 0.5 0 0.47 0.22 "CYT"
"132" "CC11_YEAST" 0.4 0.62 0.52 0.31 0.5 0 0.49 0.31 "CYT"
"133" "CC12_YEAST" 0.6 0.5 0.57 0.25 0.5 0 0.41 0.26 "CYT"
"134" "CC16_YEAST" 0.62 0.51 0.52 0.42 0.5 0 0.54 0.27 "NUC"
"135" "CC23_YEAST" 0.35 0.58 0.54 0.16 0.5 0 0.51 0.22 "NUC"
"136" "CC24_YEAST" 0.34 0.54 0.5 0.21 0.5 0 0.54 0.31 "CYT"
"137" "CC25_YEAST" 0.39 0.58 0.5 0.26 0.5 0 0.54 0.59 "ME3"
"138" "CC27_YEAST" 0.48 0.54 0.5 0.17 0.5 0 0.53 0.22 "NUC"
"139" "CDC3_YEAST" 0.29 0.32 0.58 0.15 0.5 0 0.5 0.3 "CYT"
"140" "CC31_YEAST" 0.47 0.32 0.64 0.3 0.5 0 0.63 0.22 "NUC"
"141" "IF4E_YEAST" 0.39 0.47 0.56 0.16 0.5 0 0.47 0.22 "CYT"
"142" "UBC3_YEAST" 0.58 0.48 0.51 0.47 0.5 0 0.55 0.22 "NUC"
"143" "NOT2_YEAST" 0.64 0.6 0.57 0.19 0.5 0 0.43 0.22 "NUC"
"144" "NOT1_YEAST" 0.37 0.46 0.4 0.27 0.5 0 0.45 0.22 "NUC"
"145" "CC4_YEAST" 0.43 0.57 0.53 0.16 0.5 0 0.54 0.22 "CYT"
"146" "CC40_YEAST" 0.28 0.37 0.61 0.09 0.5 0 0.52 0.55 "NUC"
"147" "CC42_YEAST" 0.59 0.48 0.5 0.14 0.5 0 0.45 0.25 "CYT"
"148" "CAL1_YEAST" 0.39 0.55 0.48 0.31 0.5 0 0.54 0.29 "CYT"
"149" "RFC1_YEAST" 0.26 0.36 0.47 0.34 0.5 0 0.53 0.72 "NUC"
"150" "CC46_YEAST" 0.51 0.34 0.5 0.19 0.5 0 0.5 0.22 "NUC"
"151" "YB52_YEAST" 0.58 0.5 0.5 0.12 0.5 0 0.48 0.25 "NUC"
"152" "CC48_YEAST" 0.44 0.39 0.53 0.14 0.5 0 0.54 0.44 "CYT"
"153" "CC6_YEAST" 0.41 0.39 0.44 0.34 0.5 0 0.48 0.4 "NUC"
"154" "SYLC_YEAST" 0.45 0.43 0.51 0.24 0.5 0 0.54 0.33 "CYT"
"155" "CC68_YEAST" 0.36 0.68 0.46 0.16 0.5 0 0.53 0.28 "NUC"
"156" "CC7_YEAST" 0.42 0.31 0.5 0.15 0.5 0 0.53 0.22 "NUC"
"157" "KTHY_YEAST" 0.42 0.43 0.56 0.1 0.5 0 0.49 0.22 "CYT"
"158" "DNLI_YEAST" 0.67 0.71 0.52 0.65 0.5 0 0.53 0.36 "NUC"
"159" "MCE1_YEAST" 0.49 0.47 0.53 0.16 0.5 0 0.48 0.27 "NUC"
"160" "CEM1_YEAST" 0.71 0.59 0.48 0.43 0.5 0 0.59 0.22 "MIT"
"161" "RLUB_YEAST" 0.4 0.42 0.71 0.21 0.5 0 0.54 0.32 "CYT"
"162" "RLUB_YEAST" 0.4 0.42 0.71 0.21 0.5 0 0.54 0.32 "CYT"
"163" "CLH_YEAST" 0.54 0.49 0.49 0.2 0.5 0 0.52 0.22 "CYT"
"164" "CHL1_YEAST" 0.42 0.51 0.5 0.12 0.5 0 0.52 0.46 "NUC"
"165" "CHL4_YEAST" 0.57 0.51 0.53 0.18 0.5 0 0.56 0.25 "NUC"
"166" "PSS_YEAST" 0.35 0.45 0.43 0.11 0.5 0 0.56 0.22 "ME3"
"167" "PEM1_YEAST" 0.42 0.42 0.42 0.2 0.5 0 0.49 0.22 "ME3"
"168" "CHS1_YEAST" 0.26 0.5 0.33 0.28 0.5 0 0.51 0.22 "ME3"
"169" "CHS2_YEAST" 0.39 0.42 0.38 0.4 0.5 0 0.49 0.47 "ME3"
"170" "CHS3_YEAST" 0.26 0.44 0.3 0.11 0.5 0 0.51 0.47 "ME3"
"171" "CIK1_YEAST" 0.31 0.44 0.53 0.23 0.5 0 0.51 0.32 "NUC"
"172" "CIN1_YEAST" 0.48 0.61 0.44 0.2 0.5 0 0.47 0.22 "CYT"
"173" "CIN4_YEAST" 0.66 0.45 0.5 0.23 0.5 0 0.49 0.22 "CYT"
"174" "CIN8_YEAST" 0.21 0.41 0.55 0.11 0.5 0 0.5 0.27 "CYT"
"175" "CISY_YEAST" 0.38 0.68 0.44 0.45 0.5 0 0.53 0.22 "MIT"
"176" "CISZ_YEAST" 0.44 0.38 0.48 0.32 0.5 0.83 0.53 0.22 "POX"
"177" "KC21_YEAST" 0.31 0.31 0.56 0.33 0.5 0 0.52 0.33 "NUC"
"178" "KC22_YEAST" 0.49 0.31 0.49 0.35 0.5 0 0.51 0.29 "NUC"
"179" "KC2C_YEAST" 0.38 0.37 0.56 0.21 0.5 0 0.49 0.22 "NUC"
"180" "KICH_YEAST" 0.39 0.4 0.53 0.67 0.5 0 0.47 0.22 "CYT"
"181" "CLC1_YEAST" 0.24 0.34 0.69 0.18 0.5 0 0.52 0.22 "CYT"
"182" "CG11_YEAST" 0.49 0.43 0.51 0.13 0.5 0 0.47 0.22 "CYT"
"183" "CG12_YEAST" 0.54 0.38 0.52 0.18 0.5 0 0.48 0.22 "CYT"
"184" "CG13_YEAST" 0.43 0.57 0.53 0.53 0.5 0 0.53 0.25 "CYT"
"185" "CALM_YEAST" 0.48 0.64 0.61 0.23 0.5 0 0.6 0.22 "CYT"
"186" "KCC1_YEAST" 0.31 0.55 0.52 0.17 0.5 0 0.52 0.22 "CYT"
"187" "KCC2_YEAST" 0.32 0.57 0.5 0.15 0.5 0 0.53 0.22 "CYT"
"188" "P2B1_YEAST" 0.32 0.42 0.52 0.24 0.5 0 0.6 0.22 "CYT"
"189" "P2B2_YEAST" 0.59 0.5 0.52 0.28 0.5 0 0.55 0.25 "CYT"
"190" "CALB_YEAST" 0.37 0.42 0.51 0.11 0.5 0 0.57 0.22 "CYT"
"191" "CALX_YEAST" 0.75 0.7 0.38 0.27 0.5 0 0.49 0.22 "ME1"
"192" "CYB_YEAST" 0.61 0.72 0.31 0.33 0.5 0 0.56 0.22 "MIT"
"193" "COFI_YEAST" 0.44 0.42 0.6 0.21 0.5 0 0.57 0.22 "CYT"
"194" "COQ1_YEAST" 0.52 0.51 0.51 0.54 0.5 0 0.55 0.27 "MIT"
"195" "COQ2_YEAST" 0.63 0.56 0.45 0.58 0.5 0 0.51 0.22 "MIT"
"196" "COQ3_YEAST" 0.52 0.56 0.54 0.53 0.5 0 0.45 0.22 "MIT"
"197" "UCR1_YEAST" 0.58 0.58 0.58 0.49 0.5 0 0.49 0.26 "MIT"
"198" "COT1_YEAST" 0.72 0.62 0.34 0.29 0.5 0 0.56 0.28 "MIT"
"199" "COX1_YEAST" 0.72 0.61 0.37 0.3 0.5 0 0.57 0.22 "MIT"
"200" "COXX_YEAST" 0.46 0.43 0.38 0.33 0.5 0 0.48 0.28 "MIT"
"201" "COXZ_YEAST" 0.57 0.57 0.44 0.37 0.5 0 0.52 0.25 "MIT"
"202" "COXG_YEAST" 0.42 0.31 0.62 0.12 0.5 0 0.4 0.22 "MIT"
"203" "COXE_YEAST" 0.49 0.46 0.45 0.45 0.5 0 0.52 0.22 "MIT"
"204" "YEX1_YEAST" 0.42 0.58 0.41 0.65 0.5 0 0.46 0.26 "MIT"
"205" "COX2_YEAST" 0.59 0.61 0.34 0.22 0.5 0 0.51 0.22 "MIT"
"206" "COX3_YEAST" 0.52 0.77 0.38 0.34 0.5 0 0.51 0.22 "MIT"
"207" "COX4_YEAST" 0.5 0.52 0.6 0.51 0.5 0 0.48 0.22 "MIT"
"208" "COXA_YEAST" 0.49 0.6 0.43 0.56 0.5 0 0.36 0.22 "MIT"
"209" "COXB_YEAST" 0.5 0.41 0.44 0.5 0.5 0 0.42 0.22 "MIT"
"210" "COX6_YEAST" 0.5 0.4 0.56 0.7 0.5 0 0.5 0.22 "MIT"
"211" "COX7_YEAST" 0.37 0.58 0.44 0.51 0.5 0 0.44 0.22 "MIT"
"212" "COX8_YEAST" 0.55 0.45 0.45 0.54 0.5 0 0.5 0.22 "MIT"
"213" "COX9_YEAST" 0.67 0.68 0.46 0.29 0.5 0 0.46 0.22 "MIT"
"214" "CARA_YEAST" 0.53 0.51 0.46 0.28 0.5 0 0.48 0.22 "CYT"
"215" "CARB_YEAST" 0.35 0.66 0.49 0.21 0.5 0 0.54 0.25 "CYT"
"216" "CYPH_YEAST" 0.52 0.4 0.6 0.12 0.5 0 0.55 0.22 "CYT"
"217" "CYPB_YEAST" 0.77 0.79 0.58 0.23 0.5 0 0.48 0.22 "EXC"
"218" "CYPC_YEAST" 0.47 0.46 0.59 0.49 0.5 0 0.56 0.22 "MIT"
"219" "CYPR_YEAST" 0.73 0.83 0.43 0.3 0.5 0 0.55 0.22 "ME1"
"220" "CYPD_YEAST" 0.78 0.74 0.58 0.25 1 0 0.53 0.22 "ERL"
"221" "CBPS_YEAST" 0.7 0.65 0.54 0.28 0.5 0 0.6 0.4 "VAC"
"222" "CPT1_YEAST" 0.47 0.54 0.37 0.14 0.5 0 0.5 0.22 "ME3"
"223" "CRM1_YEAST" 0.56 0.52 0.48 0.17 0.5 0 0.46 0.22 "NUC"
"224" "R141_YEAST" 0.57 0.41 0.59 0.24 0.5 0 0.4 0.22 "CYT"
"225" "R142_YEAST" 0.56 0.41 0.58 0.21 0.5 0 0.42 0.22 "CYT"
"226" "CSE1_YEAST" 0.58 0.56 0.45 0.12 0.5 0 0.51 0.22 "NUC"
"227" "CSE2_YEAST" 0.53 0.38 0.66 0.25 0.5 0 0.43 0.22 "NUC"
"228" "YKE9_YEAST" 0.34 0.36 0.54 0.11 0.5 0 0.36 0.21 "NUC"
"229" "CSG2_YEAST" 0.69 0.61 0.38 0.27 0.5 0 0.52 0.22 "ME2"
"230" "CATA_YEAST" 0.37 0.53 0.6 0.19 0.5 0.5 0.42 0.22 "POX"
"231" "CB33_YEAST" 0.41 0.45 0.53 0.17 0.5 0 0.51 0.25 "NUC"
"232" "CTK1_YEAST" 0.31 0.46 0.54 0.52 0.5 0 0.5 0.34 "NUC"
"233" "CTR1_YEAST" 0.36 0.37 0.33 0.14 0.5 0 0.57 0.31 "ME3"
"234" "CHI1_YEAST" 0.82 0.78 0.49 0.23 0.5 0 0.46 0.22 "EXC"
"235" "CHI2_YEAST" 0.82 0.75 0.54 0.23 0.5 0 0.46 0.22 "EXC"
"236" "CATT_YEAST" 0.41 0.51 0.58 0.15 0.5 0 0.45 0.27 "CYT"
"237" "MTC_YEAST" 0.38 0.51 0.75 0.17 0.5 0 0.55 0.22 "CYT"
"238" "MTC_YEAST" 0.38 0.51 0.75 0.17 0.5 0 0.55 0.22 "CYT"
"239" "CYB2_YEAST" 0.53 0.44 0.51 0.33 0.5 0 0.52 0.22 "MIT"
"240" "CYC1_YEAST" 0.46 0.54 0.71 0.15 0.5 0 0.59 0.22 "MIT"
"241" "CYC2_YEAST" 0.4 0.56 0.48 0.14 0.5 0 0.47 0.22 "MIT"
"242" "CCHL_YEAST" 0.53 0.53 0.6 0.13 0.5 0 0.49 0.22 "MIT"
"243" "CYC7_YEAST" 0.42 0.57 0.72 0.22 0.5 0 0.57 0.22 "MIT"
"244" "RL2A_YEAST" 0.45 0.27 0.57 0.36 0.5 0 0.52 0.18 "CYT"
"245" "CYAA_YEAST" 0.2 0.26 0.52 0.14 0.5 0 0.53 0.44 "CYT"
"246" "CYS3_YEAST" 0.51 0.53 0.55 0.14 0.5 0 0.51 0.22 "CYT"
"247" "CY1_YEAST" 0.44 0.68 0.45 0.51 0.5 0 0.52 0.41 "MIT"
"248" "CYT2_YEAST" 0.27 0.39 0.66 0.11 0.5 0 0.44 0.22 "MIT"
"249" "DAL4_YEAST" 0.55 0.42 0.34 0.3 0.5 0 0.52 0.22 "ME3"
"250" "DAL5_YEAST" 0.34 0.42 0.3 0.23 0.5 0 0.53 0.22 "ME3"
"251" "MASZ_YEAST" 0.44 0.53 0.52 0.23 0.5 0.83 0.51 0.22 "POX"
"252" "DA80_YEAST" 0.59 0.58 0.56 0.21 0.5 0 0.54 0.33 "NUC"
"253" "DA81_YEAST" 0.39 0.28 0.46 0.12 0.5 0 0.41 0.22 "NUC"
"254" "DA82_YEAST" 0.56 0.43 0.54 0.16 0.5 0 0.5 0.22 "NUC"
"255" "DAP2_YEAST" 0.36 0.68 0.38 0.08 0.5 0 0.53 0.25 "VAC"
"256" "DATI_YEAST" 0.27 0.36 0.6 0.33 0.5 0 0.37 0.31 "NUC"
"257" "DBF4_YEAST" 0.35 0.4 0.59 0.22 0.5 0 0.47 0.37 "NUC"
"258" "DBP1_YEAST" 0.42 0.32 0.5 0.21 0.5 0 0.51 0.22 "NUC"
"259" "DBP2_YEAST" 0.23 0.2 0.53 0.2 0.5 0 0.44 0.22 "NUC"
"260" "DBR1_YEAST" 0.55 0.54 0.56 0.22 0.5 0 0.5 0.37 "NUC"
"261" "DED1_YEAST" 0.36 0.24 0.49 0.16 0.5 0 0.51 0.22 "NUC"
"262" "DEP1_YEAST" 0.38 0.48 0.59 0.22 0.5 0 0.46 0.22 "CYT"
"263" "DYR_YEAST" 0.8 0.46 0.5 0.15 0.5 0 0.53 0.22 "CYT"
"264" "DYHC_YEAST" 0.6 0.56 0.47 0.2 0.5 0 0.5 0.38 "NUC"
"265" "DHH1_YEAST" 0.41 0.24 0.54 0.26 0.5 0 0.41 0.22 "NUC"
"266" "DLD1_YEAST" 0.47 0.65 0.54 0.62 0.5 0 0.53 0.36 "MIT"
"267" "DMC1_YEAST" 0.43 0.39 0.54 0.14 0.5 0 0.47 0.22 "NUC"
"268" "DPB2_YEAST" 0.5 0.51 0.52 0.09 0.5 0 0.48 0.25 "NUC"
"269" "DPB3_YEAST" 0.53 0.61 0.52 0.21 0.5 0 0.55 0.3 "NUC"
"270" "DPM1_YEAST" 0.54 0.42 0.41 0.16 0.5 0 0.52 0.22 "ME2"
"271" "SYDC_YEAST" 0.46 0.35 0.53 0.16 0.5 0 0.51 0.29 "CYT"
"272" "DRS1_YEAST" 0.46 0.43 0.49 0.79 0.5 0 0.49 0.63 "NUC"
"273" "ATC4_YEAST" 0.51 0.55 0.35 0.16 0.5 0 0.51 0.47 "ME3"
"274" "DSS4_YEAST" 0.56 0.52 0.55 0.19 0.5 0 0.54 0.22 "CYT"
"275" "TFS2_YEAST" 0.61 0.3 0.59 0.12 0.5 0 0.49 0.27 "NUC"
"276" "DUN1_YEAST" 0.37 0.53 0.46 0.23 0.5 0 0.47 0.22 "NUC"
"277" "DUR3_YEAST" 0.83 0.58 0.33 0.04 0.5 0 0.53 0.22 "ME2"
"278" "EF1B_YEAST" 0.39 0.45 0.53 0.18 0.5 0 0.54 0.22 "CYT"
"279" "EF2_YEAST" 0.52 0.54 0.5 0.21 0.5 0 0.48 0.3 "CYT"
"280" "EGD1_YEAST" 0.35 0.39 0.57 0.11 0.5 0 0.48 0.22 "NUC"
"281" "ATN2_YEAST" 0.36 0.49 0.3 0.22 0.5 0 0.52 0.31 "ME3"
"282" "END2_YEAST" 0.78 0.7 0.32 0.23 0.5 0 0.53 0.22 "ME1"
"283" "END3_YEAST" 0.55 0.46 0.53 0.11 0.5 0 0.52 0.48 "CYT"
"284" "ENO1_YEAST" 0.45 0.56 0.54 0.32 0.5 0 0.57 0.22 "CYT"
"285" "ENO2_YEAST" 0.45 0.56 0.53 0.32 0.5 0 0.57 0.22 "CYT"
"286" "EPT1_YEAST" 0.29 0.43 0.4 0.15 0.5 0 0.53 0.22 "ME3"
"287" "ERD1_YEAST" 0.52 0.75 0.37 0.14 0.5 0 0.46 0.22 "ME3"
"288" "ERD2_YEAST" 0.71 0.56 0.39 0.27 0.5 0 0.52 0.22 "ME2"
"289" "ERG1_YEAST" 0.58 0.6 0.43 0.12 0.5 0 0.55 0.22 "ME3"
"290" "THIL_YEAST" 0.54 0.65 0.49 0.34 0.5 0 0.52 0.22 "CYT"
"291" "CP51_YEAST" 0.57 0.59 0.44 0.16 0.5 0 0.52 0.22 "ME2"
"292" "KIME_YEAST" 0.59 0.58 0.46 0.19 0.5 0 0.56 0.27 "CYT"
"293" "ERG2_YEAST" 0.92 0.61 0.4 0.22 0.5 0 0.54 0.22 "ME2"
"294" "FPPS_YEAST" 0.55 0.56 0.45 0.14 0.5 0 0.54 0.22 "CYT"
"295" "ER24_YEAST" 0.63 0.61 0.41 0.22 0.5 0 0.51 0.22 "ME3"
"296" "ERG3_YEAST" 0.58 0.53 0.38 0.18 0.5 0 0.52 0.22 "ME3"
"297" "ERG4_YEAST" 0.36 0.46 0.43 0.19 0.5 0 0.48 0.22 "ME3"
"298" "ERG6_YEAST" 0.32 0.47 0.55 0.12 0.5 0 0.52 0.22 "CYT"
"299" "ERG7_YEAST" 0.34 0.38 0.45 0.19 0.5 0 0.51 0.22 "ME2"
"300" "ERG8_YEAST" 0.62 0.58 0.46 0.13 0.5 0 0.53 0.22 "CYT"
"301" "FDFT_YEAST" 0.53 0.68 0.42 0.19 0.5 0 0.53 0.22 "ME3"
"302" "ERS1_YEAST" 0.73 0.55 0.41 0.16 0.5 0 0.46 0.22 "ME2"
"303" "ESP1_YEAST" 0.55 0.46 0.46 0.31 0.5 0 0.58 0.48 "NUC"
"304" "EST1_YEAST" 0.35 0.6 0.47 0.13 0.5 0 0.52 0.43 "NUC"
"305" "EUG1_YEAST" 0.77 0.8 0.51 0.4 1 0 0.54 0.22 "ERL"
"306" "EXG1_YEAST" 0.77 0.87 0.47 0.37 0.5 0 0.48 0.22 "EXC"
"307" "LCF2_YEAST" 0.35 0.46 0.49 0.15 1 0 0.55 0.35 "CYT"
"308" "FAD1_YEAST" 0.43 0.51 0.48 0.14 0.5 0 0.5 0.22 "CYT"
"309" "FAS1_YEAST" 0.57 0.61 0.45 0.26 0.5 0 0.5 0.22 "CYT"
"310" "FAS2_YEAST" 0.63 0.62 0.42 0.12 0.5 0 0.52 0.25 "CYT"
"311" "COAC_YEAST" 0.25 0.4 0.51 0.18 0.5 0 0.5 0.27 "CYT"
"312" "ALF_YEAST" 0.56 0.62 0.53 0.24 0.5 0 0.57 0.22 "CYT"
"313" "F16P_YEAST" 0.58 0.6 0.51 0.24 0.5 0 0.53 0.22 "CYT"
"314" "F26_YEAST" 0.71 0.59 0.53 0.15 0.5 0 0.49 0.33 "CYT"
"315" "FCY2_YEAST" 0.46 0.35 0.33 0.17 0.5 0 0.55 0.22 "ME3"
"316" "FET3_YEAST" 0.54 0.55 0.42 0.22 0.5 0 0.48 0.22 "ME3"
"317" "FET4_YEAST" 0.39 0.44 0.28 0.12 0.5 0 0.46 0.27 "ME3"
"318" "FHL1_YEAST" 0.33 0.44 0.49 0.08 0.5 0 0.48 0.49 "NUC"
"319" "FLO1_YEAST" 0.81 0.82 0.41 0.36 0.5 0 0.39 0.22 "EXC"
"320" "FOX2_YEAST" 0.69 0.6 0.51 0.13 0.5 0.83 0.52 0.22 "POX"
"321" "THIK_YEAST" 0.46 0.48 0.44 0.21 0.5 0 0.55 0.22 "POX"
"322" "FKBP_YEAST" 0.35 0.36 0.57 0.17 0.5 0 0.52 0.22 "CYT"
"323" "FKB2_YEAST" 0.74 0.72 0.47 0.25 0.5 0 0.57 0.22 "ME1"
"324" "FKB3_YEAST" 0.54 0.57 0.52 0.19 0.5 0 0.59 0.67 "NUC"
"325" "FPS1_YEAST" 0.42 0.52 0.4 0.17 0.5 0 0.5 0.26 "ME3"
"326" "FRE1_YEAST" 0.91 0.77 0.34 0.47 0.5 0 0.52 0.31 "ME1"
"327" "YKW0_YEAST" 0.81 0.9 0.39 0.41 0.5 0 0.53 0.22 "ME2"
"328" "SYFA_YEAST" 0.45 0.4 0.56 0.14 0.5 0 0.54 0.22 "CYT"
"329" "SYFB_YEAST" 0.47 0.47 0.58 0.16 0.5 0 0.49 0.28 "CYT"
"330" "FUMH_YEAST" 0.41 0.39 0.51 0.52 0.5 0 0.49 0.22 "CYT"
"331" "FU34_YEAST" 0.37 0.34 0.32 0.22 0.5 0 0.56 0.22 "ME3"
"332" "FUR1_YEAST" 0.69 0.6 0.5 0.31 0.5 0 0.55 0.22 "CYT"
"333" "FUR4_YEAST" 0.35 0.56 0.36 0.3 0.5 0 0.53 0.25 "ME3"
"334" "FUS1_YEAST" 0.84 0.66 0.36 0.78 0.5 0 0.49 0.5 "ME1"
"335" "FUS3_YEAST" 0.51 0.58 0.54 0.29 0.5 0 0.53 0.22 "CYT"
"336" "FZF1_YEAST" 0.37 0.43 0.62 0.27 0.5 0 0.48 0.22 "NUC"
"337" "GAC1_YEAST" 0.55 0.66 0.57 0.32 0.5 0 0.57 0.34 "CYT"
"338" "GAL1_YEAST" 0.48 0.35 0.42 0.21 0.5 0 0.57 0.22 "CYT"
"339" "GALX_YEAST" 0.62 0.58 0.52 0.15 0.5 0 0.52 0.29 "CYT"
"340" "GALY_YEAST" 0.56 0.59 0.53 0.16 0.5 0 0.24 0.42 "NUC"
"341" "GAL2_YEAST" 0.44 0.51 0.37 0.15 0.5 0 0.51 0.22 "ME3"
"342" "GAL4_YEAST" 0.44 0.44 0.49 0.15 0.5 0 0.46 0.27 "NUC"
"343" "GAL7_YEAST" 0.5 0.5 0.48 0.17 0.5 0 0.47 0.26 "CYT"
"344" "GAL8_YEAST" 0.6 0.6 0.49 0.3 0.5 0 0.53 0.22 "NUC"
"345" "GAP1_YEAST" 0.49 0.46 0.34 0.21 0.5 0 0.55 0.22 "ME3"
"346" "GAR1_YEAST" 0.35 0.68 0.57 0.4 0.5 0 0.53 0.36 "NUC"
"347" "GAS1_YEAST" 0.7 0.69 0.43 0.33 0.5 0 0.58 0.22 "ME1"
"348" "GBP2_YEAST" 0.23 0.3 0.58 0.22 0.5 0 0.48 0.27 "NUC"
"349" "E2BG_YEAST" 0.45 0.42 0.52 0.2 0.5 0 0.5 0.25 "CYT"
"350" "IF2G_YEAST" 0.51 0.35 0.46 0.15 0.5 0 0.51 0.42 "CYT"
"351" "E2BD_YEAST" 0.42 0.39 0.47 0.13 0.5 0 0.5 0.27 "CYT"
"352" "E2BE_YEAST" 0.32 0.38 0.52 0.2 0.5 0 0.52 0.28 "CYT"
"353" "E2BB_YEAST" 0.59 0.65 0.52 0.3 0.5 0 0.46 0.31 "CYT"
"354" "GCN1_YEAST" 0.41 0.52 0.41 0.11 0.5 0 0.54 0.35 "CYT"
"355" "GCN2_YEAST" 0.37 0.33 0.5 0.12 0.5 0 0.51 0.54 "CYT"
"356" "E2BA_YEAST" 0.45 0.56 0.49 0.17 0.5 0 0.52 0.22 "CYT"
"357" "GCN4_YEAST" 0.56 0.54 0.59 0.14 0.5 0 0.52 0.27 "NUC"
"358" "GCN5_YEAST" 0.31 0.31 0.54 0.18 0.5 0 0.52 0.29 "NUC"
"359" "GCR1_YEAST" 0.27 0.51 0.47 0.35 0.5 0 0.49 0.28 "NUC"
"360" "GCR2_YEAST" 0.54 0.56 0.57 0.18 0.5 0 0.45 0.25 "NUC"
"361" "GCR3_YEAST" 0.17 0.38 0.45 0.09 0.5 0 0.54 0.27 "NUC"
"362" "GCS1_YEAST" 0.43 0.51 0.54 0.15 0.5 0 0.45 0.26 "NUC"
"363" "GCY_YEAST" 0.6 0.4 0.59 0.18 0.5 0 0.48 0.22 "CYT"
"364" "GDA1_YEAST" 0.91 0.69 0.57 0.45 0.5 0 0.56 0.22 "ME2"
"365" "DHE4_YEAST" 0.38 0.47 0.53 0.12 0.5 0 0.48 0.22 "CYT"
"366" "DHE2_YEAST" 0.59 0.43 0.52 0.19 0.5 0 0.55 0.27 "CYT"
"367" "GDI1_YEAST" 0.64 0.53 0.45 0.13 0.5 0 0.53 0.22 "CYT"
"368" "GEF1_YEAST" 0.49 0.31 0.34 0.13 0.5 0 0.52 0.22 "ME3"
"369" "GFA1_YEAST" 0.52 0.51 0.51 0.12 0.5 0 0.51 0.4 "CYT"
"370" "GLGB_YEAST" 0.49 0.43 0.48 0.15 0.5 0 0.55 0.25 "CYT"
"371" "PP12_YEAST" 0.49 0.47 0.52 0.16 0.5 0 0.53 0.28 "CYT"
"372" "HXKG_YEAST" 0.48 0.39 0.49 0.18 0.5 0 0.51 0.22 "CYT"
"373" "GLNA_YEAST" 0.44 0.34 0.55 0.18 0.5 0 0.52 0.22 "CYT"
"374" "GLN3_YEAST" 0.43 0.54 0.58 0.16 0.5 0 0.5 0.36 "NUC"
"375" "SYQ_YEAST" 0.49 0.42 0.54 0.17 0.5 0 0.5 0.36 "CYT"
"376" "GLO3_YEAST" 0.34 0.66 0.51 0.16 0.5 0 0.47 0.33 "NUC"
"377" "GLS1_YEAST" 0.2 0.34 0.33 0.1 0.5 0 0.48 0.31 "ME3"
"378" "6PGD_YEAST" 0.74 0.53 0.5 0.08 0.5 0 0.55 0.31 "CYT"
"379" "GOG5_YEAST" 0.69 0.48 0.38 0.15 0.5 0 0.55 0.22 "ME2"
"380" "GBA1_YEAST" 0.3 0.5 0.47 0.11 0.5 0 0.46 0.22 "CYT"
"381" "GPDA_YEAST" 0.44 0.51 0.48 0.38 0.5 0 0.52 0.22 "CYT"
"382" "PHSG_YEAST" 0.31 0.45 0.5 0.17 0.5 0 0.49 0.22 "CYT"
"383" "PMGY_YEAST" 0.55 0.41 0.56 0.21 0.5 0 0.52 0.22 "CYT"
"384" "PHO2_YEAST" 0.4 0.34 0.52 0.17 0.5 0 0.47 0.51 "NUC"
"385" "SYG_YEAST" 0.4 0.48 0.5 0.17 0.5 0 0.54 0.5 "CYT"
"386" "GSP1_YEAST" 0.58 0.48 0.56 0.1 0.5 0 0.46 0.25 "NUC"
"387" "GSP2_YEAST" 0.58 0.48 0.56 0.12 0.5 0 0.46 0.25 "NUC"
"388" "UGS1_YEAST" 0.58 0.45 0.48 0.24 0.5 0 0.52 0.37 "CYT"
"389" "UGS2_YEAST" 0.58 0.41 0.51 0.26 0.5 0 0.51 0.37 "CYT"
"390" "GTS1_YEAST" 0.41 0.6 0.53 0.29 0.5 0 0.47 0.43 "NUC"
"391" "GPDM_YEAST" 0.69 0.5 0.49 0.42 0.5 0 0.49 0.22 "MIT"
"392" "HAL1_YEAST" 0.38 0.49 0.61 0.13 0.5 0 0.54 0.22 "CYT"
"393" "CYP1_YEAST" 0.6 0.48 0.44 0.52 0.5 0 0.54 0.63 "NUC"
"394" "HAP2_YEAST" 0.47 0.49 0.63 0.17 0.5 0 0.31 0.26 "NUC"
"395" "HAP3_YEAST" 0.28 0.51 0.55 0.11 0.5 0 0.46 0.22 "NUC"
"396" "HAP4_YEAST" 0.56 0.57 0.63 0.39 1 0 0.59 0.4 "NUC"
"397" "HBS1_YEAST" 0.21 0.38 0.49 0.16 0.5 0 0.51 0.45 "CYT"
"398" "HCM1_YEAST" 0.46 0.57 0.57 0.15 0.5 0 0.52 0.26 "NUC"
"399" "HDF1_YEAST" 0.43 0.42 0.54 0.22 0.5 0 0.57 0.33 "NUC"
"400" "HEM1_YEAST" 0.57 0.59 0.5 0.58 0.5 0 0.53 0.22 "MIT"
"401" "DCUP_YEAST" 0.48 0.34 0.47 0.14 0.5 0 0.47 0.26 "CYT"
"402" "HEM6_YEAST" 0.35 0.4 0.53 0.18 0.5 0 0.42 0.38 "CYT"
"403" "HEMZ_YEAST" 0.47 0.45 0.53 0.62 0.5 0 0.46 0.22 "MIT"
"404" "HEM2_YEAST" 0.53 0.43 0.47 0.15 0.5 0 0.58 0.22 "CYT"
"405" "HEM3_YEAST" 0.46 0.45 0.56 0.16 0.5 0 0.56 0.22 "CYT"
"406" "HEX2_YEAST" 0.44 0.42 0.62 0.14 0.5 0 0.55 0.37 "NUC"
"407" "H4_YEAST" 0.37 0.34 0.58 0.24 0.5 0 0.44 0.18 "NUC"
"408" "H4_YEAST" 0.37 0.34 0.58 0.24 0.5 0 0.44 0.18 "NUC"
"409" "H3_YEAST" 0.39 0.39 0.55 0.52 0.5 0 0.37 0.16 "NUC"
"410" "H3_YEAST" 0.39 0.39 0.55 0.52 0.5 0 0.37 0.16 "NUC"
"411" "HIP1_YEAST" 0.48 0.46 0.38 0.29 0.5 0 0.53 0.22 "ME3"
"412" "HIR1_YEAST" 0.48 0.57 0.5 0.09 0.5 0 0.52 0.42 "NUC"
"413" "HIR2_YEAST" 0.61 0.57 0.45 0.21 0.5 0 0.5 0.42 "NUC"
"414" "HIS7_YEAST" 0.56 0.44 0.56 0.19 0.5 0 0.54 0.22 "CYT"
"415" "HMD1_YEAST" 0.51 0.63 0.3 0.35 0.5 0 0.53 0.27 "ME3"
"416" "HMD2_YEAST" 0.53 0.68 0.34 0.42 0.5 0 0.54 0.27 "ME3"
"417" "MAT1_YEAST" 0.37 0.22 0.64 0.35 0.5 0 0.47 0.22 "NUC"
"418" "MAT2_YEAST" 0.51 0.48 0.58 0.22 0.5 0 0.5 0.28 "NUC"
"419" "MTA1_YEAST" 0.49 0.37 0.59 0.17 0.5 0 0.51 0.22 "NUC"
"420" "MAT2_YEAST" 0.51 0.48 0.58 0.22 0.5 0 0.5 0.28 "NUC"
"421" "HO_YEAST" 0.53 0.53 0.53 0.17 0.5 0 0.49 0.37 "NUC"
"422" "HOP1_YEAST" 0.29 0.68 0.47 0.26 0.5 0 0.47 0.37 "NUC"
"423" "HPR1_YEAST" 0.5 0.45 0.49 0.15 0.5 0 0.55 0.43 "NUC"
"424" "HXTY_YEAST" 0.33 0.28 0.31 0.24 0.5 0 0.53 0.22 "ME3"
"425" "YJ64_YEAST" 0.85 0.85 0.3 0.31 0.5 0 0.55 0.42 "ME1"
"426" "HR25_YEAST" 0.43 0.39 0.51 0.28 0.5 0 0.4 0.22 "NUC"
"427" "HS83_YEAST" 0.61 0.54 0.49 0.16 0.5 0 0.54 0.42 "CYT"
"428" "HSF_YEAST" 0.34 0.35 0.61 0.19 0.5 0 0.52 0.25 "NUC"
"429" "CH10_YEAST" 0.55 0.53 0.56 0.29 0.5 0 0.48 0.22 "MIT"
"430" "H104_YEAST" 0.66 0.62 0.52 0.17 0.5 0 0.49 0.22 "CYT"
"431" "HS26_YEAST" 0.44 0.41 0.58 0.2 0.5 0 0.57 0.25 "CYT"
"432" "HS30_YEAST" 0.37 0.62 0.34 0.25 0.5 0 0.51 0.22 "ME3"
"433" "HS60_YEAST" 0.45 0.56 0.51 0.64 0.5 0 0.54 0.22 "MIT"
"434" "HSP7_YEAST" 0.38 0.46 0.52 0.75 0.5 0 0.5 0.26 "MIT"
"435" "HS82_YEAST" 0.61 0.54 0.49 0.19 0.5 0 0.54 0.47 "CYT"
"436" "H2A1_YEAST" 0.44 0.53 0.52 0.37 0.5 0 0.5 0.22 "NUC"
"437" "H2A2_YEAST" 0.44 0.53 0.52 0.37 0.5 0 0.5 0.22 "NUC"
"438" "H2B1_YEAST" 0.32 0.34 0.61 0.17 0.5 0 0.52 0.32 "NUC"
"439" "H2B2_YEAST" 0.34 0.34 0.61 0.18 0.5 0 0.52 0.32 "NUC"
"440" "SYH_YEAST" 0.51 0.68 0.49 0.59 0.5 0 0.54 0.27 "MIT"
"441" "HXKA_YEAST" 0.41 0.3 0.49 0.28 0.5 0 0.54 0.22 "CYT"
"442" "HXKB_YEAST" 0.41 0.43 0.5 0.28 0.5 0 0.5 0.22 "CYT"
"443" "HXT1_YEAST" 0.3 0.5 0.34 0.26 0.5 0 0.51 0.22 "ME3"
"444" "HXT2_YEAST" 0.49 0.4 0.34 0.26 0.5 0 0.5 0.22 "ME3"
"445" "HXT3_YEAST" 0.34 0.4 0.3 0.23 0.5 0 0.51 0.22 "ME3"
"446" "HXT4_YEAST" 0.43 0.44 0.3 0.18 0.5 0 0.51 0.22 "ME3"
"447" "HXT5_YEAST" 0.43 0.45 0.37 0.12 0.5 0 0.48 0.22 "ME3"
"448" "HXT6_YEAST" 0.45 0.57 0.3 0.17 0.5 0 0.51 0.22 "ME3"
"449" "HXT7_YEAST" 0.45 0.57 0.3 0.17 0.5 0 0.51 0.22 "ME3"
"450" "HXT8_YEAST" 0.42 0.44 0.33 0.17 0.5 0 0.54 0.27 "ME3"
"451" "ACEA_YEAST" 0.52 0.5 0.53 0.1 0.5 0 0.48 0.22 "POX"
"452" "IDH1_YEAST" 0.53 0.56 0.49 0.46 0.5 0 0.52 0.22 "MIT"
"453" "IDH2_YEAST" 0.45 0.54 0.54 0.62 0.5 0 0.53 0.22 "MIT"
"454" "IPPI_YEAST" 0.51 0.43 0.63 0.18 0.5 0 0.52 0.22 "CYT"
"455" "IDHP_YEAST" 0.51 0.52 0.48 0.5 0.5 0 0.51 0.22 "MIT"
"456" "IF2M_YEAST" 0.55 0.49 0.5 0.46 0.5 0 0.52 0.25 "MIT"
"457" "SYI_YEAST" 0.5 0.46 0.52 0.16 0.5 0 0.52 0.26 "CYT"
"458" "THDH_YEAST" 0.5 0.53 0.45 0.44 0.5 0 0.49 0.22 "MIT"
"459" "ILVB_YEAST" 0.45 0.59 0.53 0.74 0.5 0 0.47 0.25 "MIT"
"460" "ILV5_YEAST" 0.57 0.61 0.55 0.67 0.5 0 0.48 0.22 "MIT"
"461" "IME1_YEAST" 0.54 0.45 0.62 0.13 0.5 0 0.52 0.26 "NUC"
"462" "IMP1_YEAST" 0.67 0.51 0.53 0.28 0.5 0 0.51 0.22 "MIT"
"463" "IMP2_YEAST" 0.35 0.49 0.47 0.22 0.5 0 0.5 0.28 "MIT"
"464" "IATP_YEAST" 0.47 0.63 0.66 0.45 0.5 0 0.37 0.11 "MIT"
"465" "INO1_YEAST" 0.51 0.34 0.43 0.18 0.5 0 0.48 0.25 "CYT"
"466" "INO2_YEAST" 0.56 0.45 0.59 0.14 0.5 0 0.51 0.26 "NUC"
"467" "INO4_YEAST" 0.45 0.38 0.59 0.18 0.5 0 0.44 0.45 "NUC"
"468" "IPYR_YEAST" 0.43 0.51 0.6 0.25 0.5 0 0.55 0.22 "CYT"
"469" "IRA1_YEAST" 0.47 0.59 0.43 0.13 0.5 0 0.56 0.3 "ME3"
"470" "IRA2_YEAST" 0.4 0.45 0.42 0.17 0.5 0 0.54 0.26 "ME3"
"471" "IRE1_YEAST" 0.89 0.81 0.36 0.71 0.5 0 0.55 0.63 "ME1"
"472" "IS42_YEAST" 0.58 0.55 0.52 0.22 0.5 0 0.44 0.22 "MIT"
"473" "ISP6_YEAST" 0.59 0.57 0.46 0.14 0.5 0 0.52 0.22 "MIT"
"474" "ITR1_YEAST" 0.49 0.41 0.32 0.21 0.5 0 0.5 0.32 "ME3"
"475" "ITR2_YEAST" 0.35 0.53 0.35 0.33 0.5 0 0.5 0.32 "ME3"
"476" "IXR1_YEAST" 0.42 0.32 0.61 0.13 0.5 0 0.14 0.27 "NUC"
"477" "YJ12_YEAST" 0.5 0.46 0.42 0.32 0.5 0 0.56 0.55 "ME3"
"478" "YJ13_YEAST" 0.68 0.5 0.43 0.27 0.5 0 0.61 0.22 "ME2"
"479" "YJ16_YEAST" 0.5 0.45 0.49 0.3 0.5 0 0.47 0.4 "NUC"
"480" "ACOX_YEAST" 0.46 0.41 0.5 0.44 0.5 0 0.53 0.22 "MIT"
"481" "YJ36_YEAST" 0.32 0.36 0.34 0.19 0.5 0 0.55 0.26 "ME3"
"482" "YJ43_YEAST" 0.4 0.51 0.42 0.13 0.5 0 0.45 0.25 "ME3"
"483" "YJ49_YEAST" 0.7 0.73 0.37 0.37 0.5 0 0.48 0.31 "ME1"
"484" "YJ51_YEAST" 0.81 0.76 0.32 0.37 0.5 0 0.51 0.22 "ME2"
"485" "YJ90_YEAST" 0.65 0.61 0.39 0.3 0.5 0 0.57 0.28 "ME3"
"486" "YJ91_YEAST" 0.47 0.43 0.35 0.32 0.5 0 0.54 0.22 "ME3"
"487" "JNM1_YEAST" 0.42 0.25 0.6 0.14 0.5 0 0.45 0.22 "CYT"
"488" "KAR1_YEAST" 0.23 0.34 0.41 0.28 0.5 0 0.5 0.27 "NUC"
"489" "GR78_YEAST" 0.85 0.56 0.33 0.38 1 0 0.55 0.25 "ERL"
"490" "KAR3_YEAST" 0.34 0.31 0.6 0.37 0.5 0 0.5 0.3 "NUC"
"491" "KEM1_YEAST" 0.59 0.53 0.47 0.26 0.5 0 0.53 0.31 "NUC"
"492" "KEX1_YEAST" 0.67 0.63 0.34 0.41 0.5 0 0.6 0.33 "ME1"
"493" "KEX2_YEAST" 0.7 0.73 0.38 0.36 0.5 0 0.54 0.22 "ME1"
"494" "ODO1_YEAST" 0.54 0.51 0.54 0.52 0.5 0 0.47 0.25 "MIT"
"495" "ODO2_YEAST" 0.53 0.5 0.54 0.56 0.5 0 0.49 0.41 "MIT"
"496" "KHR1_YEAST" 0.84 0.63 0.38 0.23 0.5 0 0.53 0.22 "EXC"
"497" "KHS1_YEAST" 0.89 0.77 0.36 0.34 0.5 0 0.44 0.22 "EXC"
"498" "KIN1_YEAST" 0.48 0.43 0.45 0.17 0.5 0 0.48 0.37 "ME3"
"499" "KIN2_YEAST" 0.36 0.35 0.47 0.22 0.5 0 0.44 0.31 "ME3"
"500" "KI28_YEAST" 0.57 0.49 0.48 0.16 0.5 0 0.51 0.22 "NUC"
"501" "KIP1_YEAST" 0.43 0.52 0.53 0.52 1 0 0.49 0.22 "CYT"
"502" "KIP2_YEAST" 0.38 0.49 0.54 1 0.5 0 0.5 0.27 "CYT"
"503" "SMI1_YEAST" 0.43 0.32 0.56 0.27 0.5 0 0.47 0.27 "NUC"
"504" "KRE1_YEAST" 0.84 0.87 0.45 0.54 0.5 0 0.28 0.22 "ME1"
"505" "KR11_YEAST" 0.27 0.56 0.56 0.18 0.5 0 0.52 0.22 "CYT"
"506" "KRE2_YEAST" 0.89 0.82 0.6 0.49 0.5 0 0.55 0.22 "ME2"
"507" "KRE5_YEAST" 0.86 0.92 0.5 0.37 1 0 0.53 0.32 "ERL"
"508" "KRE6_YEAST" 0.37 0.55 0.29 0.32 0.5 0 0.51 0.22 "ME3"
"509" "KRE9_YEAST" 0.87 0.83 0.57 0.36 0.5 0 0.36 0.22 "EXC"
"510" "SYKC_YEAST" 0.43 0.45 0.54 0.14 0.5 0 0.5 0.31 "CYT"
"511" "KSS1_YEAST" 0.52 0.48 0.54 0.28 0.5 0 0.54 0.22 "NUC"
"512" "KTR1_YEAST" 0.77 0.6 0.42 0.33 0.5 0 0.57 0.22 "ME2"
"513" "KTR2_YEAST" 0.76 0.74 0.56 0.34 0.5 0 0.51 0.3 "ME2"
"514" "KTR3_YEAST" 0.58 0.76 0.4 0.37 0.5 0 0.54 0.3 "ME2"
"515" "KTR4_YEAST" 0.94 0.6 0.33 0.49 0.5 0 0.54 0.22 "ME2"
"516" "MSF1_YEAST" 0.36 0.44 0.57 0.18 0.5 0 0.42 0.22 "MIT"
"517" "LAG1_YEAST" 0.42 0.51 0.39 0.22 0.5 0 0.49 0.26 "ME3"
"518" "BLH1_YEAST" 0.52 0.48 0.58 0.55 0.5 0 0.48 0.22 "CYT"
"519" "AMPL_YEAST" 0.42 0.32 0.48 0.16 0.5 0 0.55 0.22 "VAC"
"520" "LAS1_YEAST" 0.43 0.38 0.51 0.24 0.5 0 0.46 0.33 "NUC"
"521" "ODP2_YEAST" 0.48 0.57 0.52 0.61 0.5 0 0.51 0.22 "MIT"
"522" "LCB1_YEAST" 0.83 0.53 0.52 0.2 0.5 0 0.48 0.25 "ME2"
"523" "LCB2_YEAST" 0.36 0.34 0.46 0.19 0.5 0 0.52 0.22 "ME2"
"524" "LEU2_YEAST" 0.51 0.43 0.47 0.19 0.5 0 0.52 0.37 "CYT"
"525" "LEU3_YEAST" 0.54 0.54 0.49 0.14 0.5 0 0.56 0.22 "CYT"
"526" "LEUR_YEAST" 0.44 0.41 0.44 0.13 0.5 0 0.49 0.42 "NUC"
"527" "LEU1_YEAST" 0.52 0.62 0.54 0.19 0.5 0 0.5 0.22 "MIT"
"528" "LGT3_YEAST" 0.46 0.4 0.38 0.18 0.5 0 0.49 0.22 "ME3"
"529" "LIP5_YEAST" 0.68 0.5 0.55 0.65 0.5 0 0.46 0.31 "MIT"
"530" "LOS1_YEAST" 0.53 0.44 0.47 0.22 0.5 0 0.53 0.22 "NUC"
"531" "DLDH_YEAST" 0.48 0.48 0.5 0.47 0.5 0 0.55 0.22 "MIT"
"532" "LYP1_YEAST" 0.46 0.14 0.36 0.21 0.5 0 0.5 0.25 "ME3"
"533" "LYS1_YEAST" 0.5 0.45 0.48 0.17 0.5 0 0.5 0.26 "CYT"
"534" "LY14_YEAST" 0.44 0.53 0.43 0.17 0.5 0 0.54 0.75 "NUC"
"535" "LYS2_YEAST" 0.46 0.47 0.46 0.16 0.5 0 0.51 0.22 "CYT"
"536" "MAC1_YEAST" 0.52 0.49 0.57 0.57 0.5 0 0.51 0.22 "NUC"
"537" "MAD1_YEAST" 0.62 0.64 0.56 0.2 0.5 0 0.48 0.33 "NUC"
"538" "MAG_YEAST" 0.46 0.32 0.58 0.17 0.5 0 0.61 0.25 "NUC"
"539" "MK11_YEAST" 0.78 0.48 0.47 0.3 0.5 0 0.53 0.47 "ME2"
"540" "MK16_YEAST" 0.49 0.62 0.65 0.18 0.5 0 0.46 0.43 "NUC"
"541" "MAK3_YEAST" 0.5 0.34 0.62 0.19 0.5 0 0.57 0.22 "CYT"
"542" "MA3T_YEAST" 0.39 0.37 0.33 0.23 0.5 0 0.53 0.26 "ME3"
"543" "MA3S_YEAST" 0.39 0.37 0.56 0.15 0.5 0 0.5 0.27 "CYT"
"544" "MA3R_YEAST" 0.33 0.37 0.54 0.28 0.5 0 0.53 0.27 "NUC"
"545" "MA6T_YEAST" 0.39 0.37 0.33 0.23 0.5 0 0.52 0.26 "ME3"
"546" "MA6R_YEAST" 0.33 0.38 0.53 0.26 0.5 0 0.52 0.27 "NUC"
"547" "AMPM_YEAST" 0.48 0.51 0.57 0.24 0.5 0 0.5 0.22 "CYT"
"548" "MPP2_YEAST" 0.5 0.62 0.54 0.66 0.5 0 0.49 0.22 "MIT"
"549" "MPP1_YEAST" 0.47 0.54 0.54 0.48 0.5 0 0.53 0.26 "MIT"
"550" "OM20_YEAST" 0.72 0.58 0.42 0.28 0.5 0 0.48 0.22 "MIT"
"551" "MAS6_YEAST" 0.41 0.41 0.51 0.19 0.5 0 0.57 0.22 "MIT"
"552" "OM70_YEAST" 0.81 0.65 0.52 0.41 0.5 0 0.57 0.26 "MIT"
"553" "MBP1_YEAST" 0.5 0.49 0.52 0.2 0.5 0 0.43 0.52 "NUC"
"554" "MCM1_YEAST" 0.18 0.48 0.46 0.12 0.5 0 0 0.25 "NUC"
"555" "MCM2_YEAST" 0.26 0.38 0.52 0.36 0.5 0 0.48 0.56 "NUC"
"556" "MCM3_YEAST" 0.53 0.51 0.51 0.11 0.5 0 0.49 0.41 "NUC"
"557" "MDHM_YEAST" 0.58 0.49 0.5 0.41 0.5 0 0.57 0.22 "MIT"
"558" "MDHC_YEAST" 0.62 0.6 0.47 0.16 0.5 0 0.53 0.22 "CYT"
"559" "MDHP_YEAST" 0.68 0.58 0.51 0.19 0.5 0.83 0.54 0.22 "POX"
"560" "MDJ1_YEAST" 0.4 0.52 0.53 0.52 0.5 0 0.51 0.22 "MIT"
"561" "MDL1_YEAST" 0.51 0.47 0.41 0.44 0.5 0 0.5 0.22 "ME3"
"562" "MDL2_YEAST" 0.72 0.56 0.4 0.26 0.5 0 0.51 0.26 "ME2"
"563" "MDM1_YEAST" 0.49 0.44 0.45 0.22 0.5 0 0.51 0.22 "CYT"
"564" "MD10_YEAST" 0.32 0.47 0.55 0.25 0.5 0 0.49 0.22 "MIT"
"565" "MDS1_YEAST" 0.46 0.57 0.52 0.28 0.5 0 0.52 0.22 "NUC"
"566" "EFG1_YEAST" 0.53 0.48 0.45 0.44 0.5 0 0.49 0.27 "MIT"
"567" "EFG2_YEAST" 0.49 0.48 0.46 0.63 0.5 0 0.52 0.22 "MIT"
"568" "MEIX_YEAST" 0.7 0.53 0.42 0.22 0.5 0 0.51 0.28 "NUC"
"569" "AGAL_YEAST" 0.68 0.68 0.49 0.15 0.5 0 0.53 0.22 "EXC"
"570" "MEP1_YEAST" 0.47 0.6 0.35 0.21 0.5 0 0.52 0.22 "ME3"
"571" "MER1_YEAST" 0.55 0.49 0.45 0.18 0.5 0 0.49 0.22 "NUC"
"572" "MER2_YEAST" 0.4 0.53 0.61 0.21 0.5 0 0.48 0.33 "NUC"
"573" "SYMC_YEAST" 0.57 0.44 0.42 0.2 0.5 0 0.54 0.22 "CYT"
"574" "MET2_YEAST" 0.4 0.47 0.48 0.18 0.5 0 0.46 0.22 "CYT"
"575" "MT17_YEAST" 0.34 0.54 0.54 0.13 0.5 0 0.52 0.22 "CYT"
"576" "MT28_YEAST" 0.43 0.83 0.55 0.2 0.5 0 0.47 0.4 "NUC"
"577" "MET4_YEAST" 0.55 0.65 0.5 0.28 0.5 0 0.55 0.22 "NUC"
"578" "METE_YEAST" 0.29 0.46 0.54 0.27 0.5 0 0.49 0.22 "CYT"
"579" "MFA2_YEAST" 0.46 0.42 0.6 0.21 0.5 0 0.4 0.22 "EXC"
"580" "MFA3_YEAST" 0.8 0.81 0.55 0.35 0.5 0 0.42 0.22 "EXC"
"581" "MFA4_YEAST" 0.79 0.74 0.49 0.33 0.5 0 0.48 0.22 "EXC"
"582" "GRPE_YEAST" 0.45 0.48 0.63 0.67 0.5 0 0.48 0.22 "MIT"
"583" "MGM1_YEAST" 0.66 0.52 0.52 0.44 0.5 0 0.56 0.27 "MIT"
"584" "M101_YEAST" 0.5 0.49 0.59 0.47 0.5 0 0.49 0.36 "MIT"
"585" "MGMT_YEAST" 0.54 0.52 0.54 0.2 0.5 0 0.55 0.25 "NUC"
"586" "MIF2_YEAST" 0.37 0.31 0.53 0.16 0.5 0 0.53 0.44 "NUC"
"587" "MIG1_YEAST" 0.43 0.39 0.59 0.13 0.5 0 0.41 0.43 "NUC"
"588" "DPOG_YEAST" 0.48 0.47 0.54 0.55 0.5 0 0.51 0.65 "MIT"
"589" "MPCP_YEAST" 0.6 0.59 0.45 0.23 0.5 0 0.55 0.22 "MIT"
"590" "C1TM_YEAST" 0.45 0.73 0.47 0.65 0.5 0 0.54 0.43 "MIT"
"591" "MLH1_YEAST" 0.66 0.54 0.49 0.16 0.5 0 0.54 0.36 "NUC"
"592" "MLP1_YEAST" 0.46 0.55 0.61 0.13 0.5 0 0.47 0.22 "CYT"
"593" "MASY_YEAST" 0.42 0.5 0.53 0.22 0.5 0.83 0.5 0.22 "POX"
"594" "MNN1_YEAST" 0.66 0.66 0.32 0.54 0.5 0 0.51 0.22 "ME2"
"595" "MNN9_YEAST" 0.74 0.56 0.35 0.36 0.5 0 0.51 0.25 "ME2"
"596" "MNS1_YEAST" 0.89 0.52 0.41 0.26 0.5 0 0.52 0.31 "ME2"
"597" "MOD5_YEAST" 0.67 0.51 0.54 0.21 0.5 0 0.43 0.3 "MIT"
"598" "MOT1_YEAST" 0.58 0.46 0.46 0.34 0.5 0 0.5 0.43 "NUC"
"599" "MPI1_YEAST" 0.4 0.68 0.5 0.82 0.5 0 0.44 0.36 "MIT"
"600" "MPI2_YEAST" 0.59 0.57 0.43 0.26 0.5 0 0.51 0.22 "MIT"
"601" "MR11_YEAST" 0.39 0.3 0.56 0.12 0.5 0 0.53 0.38 "NUC"
"602" "RF1M_YEAST" 0.6 0.62 0.54 0.4 0.5 0 0.5 0.22 "MIT"
"603" "RT01_YEAST" 0.36 0.4 0.53 0.48 0.5 0 0.48 0.22 "MIT"
"604" "RT13_YEAST" 0.51 0.42 0.56 0.38 0.5 0 0.46 0.22 "MIT"
"605" "RT17_YEAST" 0.41 0.54 0.58 0.2 0.5 0 0.52 0.22 "MIT"
"606" "RT02_YEAST" 0.57 0.4 0.62 0.3 0.5 0 0.48 0.11 "MIT"
"607" "RM41_YEAST" 0.52 0.5 0.59 0.31 0.5 0 0.5 0.22 "MIT"
"608" "RT04_YEAST" 0.42 0.53 0.53 0.64 0.5 0 0.47 0.22 "MIT"
"609" "RM49_YEAST" 0.5 0.46 0.64 0.36 0.5 0 0.49 0.22 "MIT"
"610" "RM02_YEAST" 0.6 0.51 0.6 0.38 0.5 0.83 0.52 0.24 "MIT"
"611" "RT08_YEAST" 0.45 0.38 0.64 0.14 0.5 0 0.54 0.22 "MIT"
"612" "RM13_YEAST" 0.6 0.57 0.64 0.52 0.5 0 0.47 0.28 "MIT"
"613" "RM16_YEAST" 0.53 0.42 0.58 0.29 0.5 0 0.5 0.22 "MIT"
"614" "RM20_YEAST" 0.41 0.52 0.53 0.41 0.5 0 0.39 0.33 "MIT"
"615" "RM25_YEAST" 0.45 0.43 0.63 0.4 0.5 0 0.59 0.11 "MIT"
"616" "RM27_YEAST" 0.44 0.44 0.67 0.35 0.5 0 0.48 0.26 "MIT"
"617" "RM31_YEAST" 0.58 0.52 0.61 0.33 0.5 0 0.38 0.11 "MIT"
"618" "RM32_YEAST" 0.57 0.61 0.55 0.27 0.5 0 0.44 0.21 "MIT"
"619" "RM33_YEAST" 0.57 0.58 0.58 0.35 0.5 0 0.49 0.22 "MIT"
"620" "RM36_YEAST" 0.64 0.64 0.56 0.21 0.5 0 0.5 0.22 "MIT"
"621" "RM37_YEAST" 0.56 0.5 0.61 0.49 0.5 0 0.46 0.28 "MIT"
"622" "RM38_YEAST" 0.6 0.46 0.59 0.16 0.5 0 0.49 0.22 "MIT"
"623" "RM04_YEAST" 0.36 0.38 0.56 0.44 0.5 0 0.48 0.22 "MIT"
"624" "RM44_YEAST" 0.53 0.52 0.61 0.35 0.5 0 0.5 0.22 "MIT"
"625" "RM06_YEAST" 0.62 0.59 0.54 0.47 0.5 0 0.46 0.22 "MIT"
"626" "RM08_YEAST" 0.55 0.5 0.6 0.31 0.5 0 0.46 0.27 "MIT"
"627" "RM09_YEAST" 0.58 0.53 0.57 0.46 0.5 0 0.51 0.27 "MIT"
"628" "RT28_YEAST" 0.65 0.53 0.55 0.52 0.5 0 0.47 0.27 "MIT"
"629" "RT05_YEAST" 0.38 0.54 0.54 0.41 0.5 0 0.51 0.22 "MIT"
"630" "RT09_YEAST" 0.58 0.53 0.5 0.53 0.5 0 0.47 0.31 "MIT"
"631" "MRS1_YEAST" 0.61 0.46 0.51 0.37 0.5 0 0.51 0.22 "MIT"
"632" "MRS2_YEAST" 0.55 0.59 0.47 0.64 0.5 0 0.54 0.33 "MIT"
"633" "MRS3_YEAST" 0.54 0.64 0.5 0.13 0.5 0 0.49 0.22 "MIT"
"634" "MRS4_YEAST" 0.4 0.74 0.49 0.16 0.5 0 0.51 0.22 "MIT"
"635" "MSB2_YEAST" 0.76 0.76 0.35 0.27 0.5 0 0.44 0.22 "ME1"
"636" "SYDM_YEAST" 0.51 0.56 0.51 0.42 0.5 0 0.53 0.36 "MIT"
"637" "SYFM_YEAST" 0.43 0.32 0.5 0.29 0.5 0 0.5 0.22 "MIT"
"638" "MSH1_YEAST" 0.49 0.44 0.45 0.55 0.5 0 0.48 0.22 "MIT"
"639" "MSH2_YEAST" 0.32 0.45 0.44 0.2 0.5 0 0.55 0.33 "NUC"
"640" "MSH3_YEAST" 0.51 0.6 0.51 0.26 0.5 0 0.54 0.22 "NUC"
"641" "MSH4_YEAST" 0.49 0.46 0.42 0.46 0.5 0 0.55 0.22 "NUC"
"642" "SYKM_YEAST" 0.5 0.56 0.49 0.61 0.5 0 0.5 0.22 "MIT"
"643" "SYMM_YEAST" 0.51 0.48 0.51 0.43 0.5 0 0.49 0.22 "MIT"
"644" "MSN1_YEAST" 0.52 0.38 0.62 0.12 0.5 0 0.41 0.28 "NUC"
"645" "MSN2_YEAST" 0.53 0.4 0.57 0.12 0.5 0 0.53 0.32 "NUC"
"646" "MSN4_YEAST" 0.51 0.56 0.62 0.24 0.5 0 0.52 0.51 "NUC"
"647" "MSP1_YEAST" 0.63 0.6 0.5 0.27 0.5 0 0.55 0.22 "MIT"
"648" "SYR_YEAST" 0.46 0.44 0.53 0.31 0.5 0 0.48 0.22 "MIT"
"649" "MSS1_YEAST" 0.58 0.57 0.54 0.69 0.5 0 0.54 0.22 "MIT"
"650" "MS16_YEAST" 0.61 0.59 0.47 0.49 0.5 0 0.54 0.22 "MIT"
"651" "MS18_YEAST" 0.63 0.47 0.56 0.12 0.5 0 0.5 0.22 "MIT"
"652" "MS51_YEAST" 0.55 0.53 0.54 0.4 0.5 0 0.48 0.22 "MIT"
"653" "SYTM_YEAST" 0.41 0.47 0.58 0.62 0.5 0 0.5 0.22 "MIT"
"654" "SYWM_YEAST" 0.44 0.53 0.53 0.37 0.5 0 0.51 0.22 "MIT"
"655" "MTD1_YEAST" 0.57 0.4 0.48 0.24 0.5 0 0.55 0.22 "CYT"
"656" "MTF1_YEAST" 0.46 0.46 0.56 0.12 0.5 0 0.55 0.22 "MIT"
"657" "RU1A_YEAST" 0.47 0.46 0.55 0.28 0.5 0 0.44 0.46 "NUC"
"658" "YKH4_YEAST" 0.39 0.35 0.49 0.17 0.5 0 0.49 0.22 "NUC"
"659" "MYS1_YEAST" 0.58 0.38 0.4 0.21 0.5 0 0.5 0.22 "CYT"
"660" "MYS2_YEAST" 0.53 0.41 0.5 0.24 1 0 0.47 0.22 "CYT"
"661" "MYS4_YEAST" 0.43 0.4 0.5 0.18 0.5 0 0.5 0.28 "CYT"
"662" "YN19_YEAST" 0.41 0.59 0.46 0.19 0.5 0 0.36 0.22 "EXC"
"663" "YN46_YEAST" 0.58 0.56 0.52 0.25 0.5 0 0.57 0.35 "NUC"
"664" "YN70_YEAST" 0.51 0.65 0.53 0.19 0.5 0 0.49 0.22 "EXC"
"665" "YN94_YEAST" 0.81 0.79 0.32 0.37 0.5 0 0.41 0.22 "ME1"
"666" "YNE2_YEAST" 0.44 0.41 0.29 0.21 0.5 0 0.49 0.22 "ME3"
"667" "NAB1_YEAST" 0.49 0.6 0.55 0.17 0.5 0 0.44 0.22 "CYT"
"668" "NAB2_YEAST" 0.56 0.63 0.52 0.2 0.5 0 0.34 0.26 "NUC"
"669" "NAB3_YEAST" 0.42 0.28 0.57 0.18 0.5 0 0.42 0.22 "NUC"
"670" "NAM1_YEAST" 0.51 0.46 0.54 0.41 0.5 0 0.53 0.22 "MIT"
"671" "SYLM_YEAST" 0.6 0.51 0.52 0.45 0.5 0 0.5 0.27 "MIT"
"672" "NAM7_YEAST" 0.37 0.41 0.45 0.14 0.5 0 0.47 0.22 "CYT"
"673" "NAM9_YEAST" 0.37 0.51 0.57 0.4 0.5 0 0.48 0.27 "MIT"
"674" "NAP1_YEAST" 0.36 0.39 0.55 0.26 0.5 0 0.49 0.22 "NUC"
"675" "NAT1_YEAST" 0.5 0.36 0.53 0.41 0.5 0 0.55 0.36 "CYT"
"676" "NAT2_YEAST" 0.59 0.58 0.39 0.52 0.5 0 0.5 0.31 "CYT"
"677" "NCPR_YEAST" 0.78 0.63 0.53 0.13 0.5 0 0.54 0.22 "ME2"
"678" "NDC1_YEAST" 0.47 0.59 0.37 0.31 0.5 0 0.51 0.36 "NUC"
"679" "CB31_YEAST" 0.48 0.62 0.52 0.3 0.5 0 0.51 0.37 "NUC"
"680" "NDI1_YEAST" 0.53 0.61 0.51 0.49 0.5 0 0.54 0.27 "MIT"
"681" "NFS1_YEAST" 0.48 0.54 0.53 0.6 0.5 0 0.53 0.31 "NUC"
"682" "ADA3_YEAST" 0.33 0.46 0.53 0.29 0.5 0 0.5 0.55 "NUC"
"683" "NHP2_YEAST" 0.36 0.44 0.51 0.17 0.5 0 0.6 0.19 "NUC"
"684" "NHPA_YEAST" 0.39 0.34 0.68 0.3 0.5 0 0.5 0.29 "NUC"
"685" "NHPB_YEAST" 0.11 0.41 0.67 0.13 0.5 0 0.45 0.29 "NUC"
"686" "NI96_YEAST" 0.4 0.53 0.44 0.18 0.5 0 0.54 0.31 "NUC"
"687" "NIN1_YEAST" 0.47 0.5 0.55 0.19 0.5 0 0.62 0.22 "CYT"
"688" "NIP1_YEAST" 0.35 0.5 0.44 0.27 0.5 0 0.51 0.22 "CYT"
"689" "NMD2_YEAST" 0.36 0.3 0.5 0.19 0.5 0 0.55 0.3 "NUC"
"690" "NMT_YEAST" 0.49 0.44 0.51 0.18 0.5 0 0.52 0.27 "CYT"
"691" "FBRL_YEAST" 0.35 0.44 0.54 0.26 0.5 0 0.52 0.26 "NUC"
"692" "NOP2_YEAST" 0.43 0.28 0.53 0.34 0.5 0 0.55 0.57 "NUC"
"693" "NOP4_YEAST" 0.33 0.48 0.55 0.16 0.5 0 0.53 0.75 "NUC"
"694" "NOT3_YEAST" 0.45 0.21 0.49 0.24 0.5 0 0.46 0.31 "NUC"
"695" "NOP3_YEAST" 0.44 0.34 0.61 0.13 0.5 0 0.49 0.26 "NUC"
"696" "NSP1_YEAST" 0.87 0.47 0.6 0.47 0.5 0 0.59 0.22 "NUC"
"697" "NSR1_YEAST" 0.3 0.55 0.58 0.16 0.5 0 0.61 0.28 "NUC"
"698" "TREA_YEAST" 0.29 0.34 0.55 0.24 0.5 0 0.51 0.22 "CYT"
"699" "NUC1_YEAST" 0.75 0.67 0.51 0.29 0.5 0 0.52 0.36 "MIT"
"700" "RNC1_YEAST" 0.47 0.47 0.5 0.15 0.5 0 0.5 0.48 "NUC"
"701" "NUF1_YEAST" 0.51 0.34 0.49 0.16 0.5 0 0.53 0.21 "NUC"
"702" "NUF2_YEAST" 0.64 0.76 0.51 0.18 0.5 0 0.46 0.22 "NUC"
"703" "NUP1_YEAST" 0.45 0.41 0.58 0.48 0.5 0 0.53 0.64 "NUC"
"704" "N100_YEAST" 0.9 0.54 0.59 0.2 0.5 0 0.48 0.22 "NUC"
"705" "N116_YEAST" 0.88 0.59 0.54 0.39 0.5 0 0.41 0.3 "NUC"
"706" "YK62_YEAST" 0.7 0.51 0.47 0.24 0.5 0 0.53 0.25 "NUC"
"707" "NUP2_YEAST" 0.25 0.36 0.58 0.3 0.5 0 0.58 0.31 "NUC"
"708" "NU49_YEAST" 0.69 0.62 0.49 0 1 0 0.47 0.22 "NUC"
"709" "OCH1_YEAST" 0.83 0.57 0.42 0.57 0.5 0 0.5 0.32 "ME2"
"710" "ACO1_YEAST" 0.43 0.38 0.38 0.12 0.5 0 0.5 0.22 "ME2"
"711" "ATP9_YEAST" 0.78 0.65 0.4 0.16 0.5 0 0.63 0.22 "MIT"
"712" "ATP6_YEAST" 0.52 0.64 0.34 0.16 0.5 0 0.57 0.22 "MIT"
"713" "OM45_YEAST" 0.75 0.66 0.64 0.39 0.5 0 0.46 0.32 "MIT"
"714" "PORI_YEAST" 0.41 0.49 0.58 0.22 0.5 0 0.52 0.22 "MIT"
"715" "OPI1_YEAST" 0.58 0.51 0.56 0.16 0.5 0 0.34 0.22 "NUC"
"716" "PEM2_YEAST" 0.48 0.49 0.45 0.23 0.5 0 0.51 0.22 "ME3"
"717" "ORC2_YEAST" 0.39 0.42 0.49 0.1 0.5 0 0.49 0.65 "NUC"
"718" "YHR8_YEAST" 0.31 0.42 0.48 0.17 0.5 0 0.49 0.53 "NUC"
"719" "YM38_YEAST" 0.39 0.28 0.54 0.14 0.5 0 0.59 0.22 "MIT"
"720" "YINO_YEAST" 0.76 0.67 0.37 0.22 0.5 0 0.54 0.22 "ME2"
"721" "YDA2_YEAST" 0.49 0.27 0.57 0.18 0.5 0.83 0.54 0.22 "POX"
"722" "PABP_YEAST" 0.28 0.48 0.56 0.16 0.5 0 0.48 0.26 "CYT"
"723" "PAN1_YEAST" 0.69 0.39 0.52 0.12 0.5 0 0.38 0.35 "CYT"
"724" "PAP_YEAST" 0.64 0.52 0.5 0.26 0.5 0 0.51 0.31 "NUC"
"725" "PAS1_YEAST" 0.56 0.48 0.5 0.3 0.5 0 0.51 0.22 "CYT"
"726" "PTSR_YEAST" 0.5 0.5 0.54 0.16 0.5 0 0.49 0.22 "POX"
"727" "UBCX_YEAST" 0.47 0.43 0.59 0.27 0.5 0 0.55 0.22 "POX"
"728" "PAS3_YEAST" 0.68 0.59 0.44 0.49 0.5 0 0.4 0.26 "POX"
"729" "PAS7_YEAST" 0.5 0.51 0.57 0.27 0.5 0 0.48 0.22 "POX"
"730" "IPB2_YEAST" 0.45 0.46 0.61 0.2 0.5 0 0.62 0.22 "CYT"
"731" "ATC2_YEAST" 0.53 0.51 0.36 0.13 0.5 0 0.52 0.22 "ME3"
"732" "ODPA_YEAST" 0.6 0.54 0.54 0.53 0.5 0 0.52 0.27 "MIT"
"733" "ODPB_YEAST" 0.49 0.52 0.53 0.7 0.5 0 0.51 0.22 "MIT"
"734" "DCP1_YEAST" 0.49 0.45 0.53 0.16 0.5 0 0.49 0.31 "CYT"
"735" "PDC2_YEAST" 0.51 0.46 0.57 0.25 0.5 0 0.53 0.22 "CYT"
"736" "DCP2_YEAST" 0.49 0.45 0.46 0.18 0.5 0 0.49 0.31 "CYT"
"737" "DCP3_YEAST" 0.52 0.46 0.51 0.18 0.5 0 0.5 0.22 "CYT"
"738" "CNA1_YEAST" 0.55 0.59 0.52 0.1 0.5 0 0.53 0.22 "CYT"
"739" "CNA2_YEAST" 0.39 0.58 0.5 0.1 0.5 0 0.51 0.25 "CYT"
"740" "PDI_YEAST" 0.7 0.84 0.49 0.28 1 0 0.58 0.22 "ERL"
"741" "PDR1_YEAST" 0.33 0.38 0.45 0.19 0.5 0 0.54 0.37 "NUC"
"742" "PDR3_YEAST" 0.61 0.46 0.44 0.47 0.5 0 0.5 0.37 "NUC"
"743" "PDR5_YEAST" 0.41 0.48 0.38 0.13 0.5 0 0.51 0.35 "ME3"
"744" "PDS1_YEAST" 0.37 0.42 0.6 0.13 0.5 0 0.51 0.22 "NUC"
"745" "ODPX_YEAST" 0.45 0.58 0.59 0.44 0.5 0 0.56 0.22 "MIT"
"746" "PEP1_YEAST" 0.74 0.89 0.32 0.24 0.5 0 0.54 0.32 "ME1"
"747" "PE12_YEAST" 0.28 0.46 0.26 0.18 0.5 0 0.39 0.22 "VAC"
"748" "PEP3_YEAST" 0.51 0.46 0.49 0.21 0.5 0 0.55 0.22 "VAC"
"749" "CARP_YEAST" 0.8 0.82 0.57 0.26 0.5 0 0.57 0.27 "VAC"
"750" "END1_YEAST" 0.46 0.49 0.45 0.28 0.5 0 0.55 0.22 "VAC"
"751" "PEP8_YEAST" 0.4 0.36 0.55 0.15 0.5 0 0.53 0.22 "VAC"
"752" "PES4_YEAST" 0.67 0.46 0.58 0.3 0.5 0 0.57 0.27 "NUC"
"753" "PT11_YEAST" 0.5 0.32 0.49 0.49 0.5 0 0.48 0.32 "MIT"
"754" "PT12_YEAST" 0.45 0.53 0.47 0.43 0.5 0 0.5 0.27 "MIT"
"755" "PT17_YEAST" 0.75 0.6 0.43 0.35 0.5 0 0.45 0.27 "MIT"
"756" "PT22_YEAST" 0.56 0.68 0.52 0.39 0.5 0 0.36 0.22 "MIT"
"757" "RTPT_YEAST" 0.48 0.45 0.59 0.35 0.5 0 0.55 0.3 "MIT"
"758" "PT27_YEAST" 0.26 0.28 0.6 0.2 0.5 0 0.54 0.31 "MIT"
"759" "PT91_YEAST" 0.59 0.45 0.58 0.21 0.5 0 0.49 0.22 "MIT"
"760" "PT09_YEAST" 0.48 0.52 0.49 0.35 0.5 0.5 0.51 0.22 "MIT"
"761" "PT94_YEAST" 0.59 0.58 0.47 0.61 0.5 0 0.44 0.3 "MIT"
"762" "PT54_YEAST" 0.5 0.57 0.62 0.25 0.5 0 0.51 0.22 "MIT"
"763" "K6P1_YEAST" 0.57 0.49 0.5 0.2 0.5 0 0.51 0.28 "CYT"
"764" "K6P2_YEAST" 0.62 0.43 0.49 0.29 0.5 0 0.5 0.27 "CYT"
"765" "6P2K_YEAST" 0.45 0.41 0.49 0.14 1 0 0.53 0.3 "CYT"
"766" "PROF_YEAST" 0.47 0.49 0.6 0.15 0.5 0 0.38 0.22 "CYT"
"767" "PGD1_YEAST" 0.41 0.48 0.54 0.24 0.5 0 0.37 0.51 "NUC"
"768" "G6PI_YEAST" 0.46 0.46 0.53 0.23 0.5 0 0.51 0.22 "CYT"
"769" "PGK_YEAST" 0.48 0.42 0.48 0.19 0.5 0 0.58 0.22 "CYT"
"770" "PGM1_YEAST" 0.43 0.45 0.53 0.19 0.5 0 0.56 0.22 "CYT"
"771" "PGM2_YEAST" 0.28 0.36 0.55 0.15 0.5 0 0.57 0.22 "CYT"
"772" "PHD1_YEAST" 0.48 0.46 0.58 0.26 0.5 0 0.44 0.22 "NUC"
"773" "PPAB_YEAST" 0.74 0.72 0.5 0.28 0.5 0 0.5 0.27 "EXC"
"774" "PPAC_YEAST" 0.74 0.72 0.5 0.28 0.5 0 0.49 0.27 "EXC"
"775" "PNPP_YEAST" 0.38 0.62 0.52 0.14 0.5 0 0.53 0.22 "CYT"
"776" "PPA3_YEAST" 0.77 0.72 0.48 0.26 0.5 0 0.51 0.22 "EXC"
"777" "PHO4_YEAST" 0.44 0.42 0.57 0.22 0.5 0 0.5 0.25 "NUC"
"778" "PPA5_YEAST" 0.74 0.74 0.51 0.27 0.5 0 0.5 0.22 "EXC"
"779" "PPB_YEAST" 0.39 0.81 0.35 0.28 0.5 0 0.51 0.45 "ME3"
"780" "PH80_YEAST" 0.53 0.54 0.43 0.18 0.5 0 0.53 0.31 "NUC"
"781" "PH84_YEAST" 0.38 0.45 0.37 0.19 0.5 0 0.52 0.3 "ME3"
"782" "PH85_YEAST" 0.4 0.37 0.54 0.13 0.5 0 0.48 0.22 "NUC"
"783" "YCS7_YEAST" 0.31 0.3 0.34 0.19 0.5 0 0.55 0.3 "ME3"
"784" "PHR_YEAST" 0.5 0.42 0.57 0.49 0.5 0 0.48 0.27 "NUC"
"785" "PIF1_YEAST" 0.59 0.61 0.51 0.62 0.5 0 0.51 0.38 "MIT"
"786" "PIK1_YEAST" 0.45 0.4 0.43 0.22 0.5 0 0.51 0.48 "NUC"
"787" "LONM_YEAST" 0.47 0.54 0.53 0.77 0.5 0 0.52 0.36 "MIT"
"788" "PIR1_YEAST" 0.77 0.78 0.51 0.28 0.5 0 0.33 0.22 "EXC"
"789" "H150_YEAST" 0.74 0.71 0.52 0.3 0.5 0 0.27 0.22 "EXC"
"790" "PIR3_YEAST" 0.77 0.73 0.51 0.27 0.5 0 0.34 0.22 "EXC"
"791" "PIS_YEAST" 0.47 0.61 0.5 0.23 0.5 0 0.49 0.22 "ME3"
"792" "PLB1_YEAST" 0.78 0.69 0.44 0.26 0.5 0 0.54 0.22 "ME1"
"793" "ATH1_YEAST" 0.49 0.6 0.3 0.34 0.5 0 0.5 0.43 "ME3"
"794" "ATH2_YEAST" 0.27 0.56 0.3 0.14 0.5 0 0.52 0.39 "ME3"
"795" "ATC3_YEAST" 0.4 0.39 0.33 0.17 0.5 0 0.51 0.31 "VAC"
"796" "MANA_YEAST" 0.55 0.51 0.54 0.2 0.5 0 0.56 0.22 "CYT"
"797" "PMP1_YEAST" 0.95 0.71 0.27 0.39 0.5 0 0.31 0.22 "ME2"
"798" "PMP2_YEAST" 0.97 0.71 0.29 0.42 0.5 0 0.35 0.22 "ME2"
"799" "ATC1_YEAST" 0.44 0.43 0.34 0.21 0.5 0 0.55 0.4 "ME3"
"800" "ATN1_YEAST" 0.39 0.49 0.3 0.19 0.5 0 0.52 0.31 "ME3"
"801" "PMS1_YEAST" 0.38 0.48 0.51 0.13 0.5 0 0.5 0.32 "NUC"
"802" "PMT1_YEAST" 0.37 0.51 0.39 0.18 0.5 0 0.51 0.27 "ME3"
"803" "PMT2_YEAST" 0.27 0.49 0.36 0.26 0.5 0 0.49 0.26 "ME3"
"804" "POB1_YEAST" 0.49 0.48 0.52 0.2 0.5 0 0.55 0.22 "NUC"
"805" "DPOA_YEAST" 0.36 0.39 0.54 0.16 0.5 0 0.5 0.28 "NUC"
"806" "DPO2_YEAST" 0.54 0.53 0.48 0.14 0.5 0 0.49 0.33 "NUC"
"807" "DPOE_YEAST" 0.37 0.48 0.5 0.26 0.5 0 0.52 0.39 "NUC"
"808" "DPOD_YEAST" 0.25 0.39 0.5 0.23 0.5 0 0.5 0.28 "NUC"
"809" "PCNA_YEAST" 0.49 0.71 0.54 0.13 0.5 0 0.58 0.22 "NUC"
"810" "DPO4_YEAST" 0.56 0.5 0.56 0.26 0.5 0 0.53 0.27 "NUC"
"811" "P152_YEAST" 0.41 0.53 0.41 0.15 0.5 0 0.54 0.25 "NUC"
"812" "POP2_YEAST" 0.5 0.45 0.53 0.21 0.5 0 0.28 0.22 "NUC"
"813" "CAO_YEAST" 0.46 0.37 0.48 0.36 0.5 0 0.48 0.22 "POX"
"814" "PPA1_YEAST" 0.66 0.55 0.34 0.2 0.5 0 0.62 0.22 "ME3"
"815" "IPY2_YEAST" 0.42 0.65 0.58 0.34 0.5 0 0.5 0.22 "MIT"
"816" "PPCK_YEAST" 0.45 0.47 0.53 0.15 0.5 0 0.52 0.27 "CYT"
"817" "PPR1_YEAST" 0.42 0.28 0.51 0.23 0.5 0 0.53 0.27 "NUC"
"818" "PPX1_YEAST" 0.51 0.48 0.46 0.29 0.5 0 0.54 0.22 "CYT"
"819" "PRTB_YEAST" 0.75 0.69 0.48 0.13 0.5 0 0.57 0.4 "VAC"
"820" "CBPY_YEAST" 0.69 0.7 0.5 0.3 0.5 0 0.54 0.22 "VAC"
"821" "PRTD_YEAST" 0.63 0.55 0.53 0.51 0.5 0 0.55 0.22 "VAC"
"822" "PRCG_YEAST" 0.55 0.63 0.54 0.16 0.5 0 0.45 0.27 "CYT"
"823" "PRCE_YEAST" 0.46 0.62 0.54 0.25 0.5 0 0.46 0.22 "CYT"
"824" "PRCD_YEAST" 0.53 0.59 0.48 0.14 0.5 0 0.51 0.22 "CYT"
"825" "PRCH_YEAST" 0.42 0.53 0.57 0.17 0.5 0 0.49 0.22 "CYT"
"826" "PRC2_YEAST" 0.52 0.46 0.56 0.2 0.5 0 0.5 0.22 "CYT"
"827" "PRC6_YEAST" 0.53 0.43 0.57 0.24 0.5 0 0.39 0.28 "CYT"
"828" "PRI1_YEAST" 0.33 0.35 0.56 0.19 0.5 0 0.5 0.22 "NUC"
"829" "PRI2_YEAST" 0.45 0.48 0.56 0.56 0.5 0 0.47 0.22 "NUC"
"830" "PROB_YEAST" 0.56 0.48 0.5 0.17 0.5 0 0.51 0.26 "CYT"
"831" "PROC_YEAST" 0.77 0.57 0.45 0.17 0.5 0 0.53 0.22 "CYT"
"832" "PR16_YEAST" 0.56 0.59 0.54 0.18 0.5 0 0.48 0.46 "NUC"
"833" "PR18_YEAST" 0.33 0.39 0.52 0.09 0.5 0 0.47 0.28 "NUC"
"834" "PR19_YEAST" 0.48 0.41 0.54 0.39 0.5 0 0.51 0.22 "NUC"
"835" "PR02_YEAST" 0.3 0.3 0.46 0.32 0.5 0 0.45 0.22 "NUC"
"836" "PR21_YEAST" 0.38 0.26 0.6 0.1 0.5 0 0.48 0.44 "NUC"
"837" "PR22_YEAST" 0.68 0.39 0.5 0.15 0.5 0 0.48 0.37 "NUC"
"838" "PR28_YEAST" 0.62 0.41 0.52 0.17 0.5 0 0.48 0.22 "NUC"
"839" "PR38_YEAST" 0.52 0.37 0.48 0.13 0.5 0 0.55 0.22 "NUC"
"840" "PR39_YEAST" 0.32 0.48 0.49 0.17 0.5 0 0.47 0.22 "NUC"
"841" "PR04_YEAST" 0.34 0.35 0.58 0.2 0.5 0 0.46 0.32 "NUC"
"842" "PR05_YEAST" 0.33 0.21 0.53 0.15 1 0 0.52 0.5 "NUC"
"843" "PR06_YEAST" 0.49 0.45 0.57 0.24 0.5 0 0.47 0.38 "NUC"
"844" "PR08_YEAST" 0.4 0.28 0.48 0.06 0.5 0 0.49 0.42 "NUC"
"845" "PR09_YEAST" 0.51 0.39 0.56 0.25 0.5 0 0.51 0.33 "NUC"
"846" "PRC8_YEAST" 0.45 0.45 0.52 0.17 0.5 0 0.54 0.22 "CYT"
"847" "PRC5_YEAST" 0.28 0.51 0.55 0.19 0.5 0 0.57 0.22 "CYT"
"848" "PRC3_YEAST" 0.51 0.51 0.56 0.28 0.5 0 0.54 0.27 "CYT"
"849" "PRC9_YEAST" 0.48 0.56 0.49 0.32 0.5 0 0.5 0.22 "CYT"
"850" "PRT1_YEAST" 0.59 0.46 0.48 0.46 0.5 0 0.49 0.22 "CYT"
"851" "DPSD_YEAST" 0.51 0.46 0.4 0.65 0.5 0 0.49 0.22 "MIT"
"852" "SNM1_YEAST" 0.37 0.44 0.51 0.56 0.5 0 0.5 0.38 "NUC"
"853" "PTM1_YEAST" 0.81 0.55 0.35 0.34 0.5 0 0.51 0.22 "ME2"
"854" "PTP1_YEAST" 0.53 0.45 0.53 0.18 0.5 0 0.42 0.22 "CYT"
"855" "PTP2_YEAST" 0.45 0.27 0.5 0.33 0.5 0 0.53 0.26 "CYT"
"856" "PTR2_YEAST" 0.36 0.33 0.38 0.15 0.5 0 0.55 0.36 "ME3"
"857" "PUB1_YEAST" 0.48 0.5 0.56 0.11 0.5 0 0.33 0.22 "CYT"
"858" "PRCF_YEAST" 0.35 0.47 0.53 0.19 0.5 0 0.48 0.22 "CYT"
"859" "PRCZ_YEAST" 0.48 0.48 0.56 0.18 0.5 0 0.58 0.22 "CYT"
"860" "PUT1_YEAST" 0.6 0.59 0.47 0.47 0.5 0 0.53 0.22 "MIT"
"861" "PUT2_YEAST" 0.45 0.53 0.51 0.42 0.5 0 0.52 0.22 "MIT"
"862" "PUT3_YEAST" 0.29 0.4 0.41 0.48 0.5 0 0.53 0.3 "NUC"
"863" "PUT4_YEAST" 0.58 0.53 0.33 0.26 0.5 0 0.51 0.22 "ME3"
"864" "PYC1_YEAST" 0.46 0.43 0.5 0.24 0.5 0 0.48 0.31 "CYT"
"865" "PYC2_YEAST" 0.43 0.46 0.5 0.21 0.5 0 0.49 0.34 "CYT"
"866" "KPYK_YEAST" 0.61 0.55 0.51 0.26 0.5 0 0.52 0.22 "CYT"
"867" "UCRX_YEAST" 0.5 0.62 0.52 0.3 0.5 0 0.56 0.22 "MIT"
"868" "UCR2_YEAST" 0.49 0.45 0.54 0.4 0.5 0 0.55 0.22 "MIT"
"869" "UCR6_YEAST" 0.64 0.53 0.59 0.14 0.5 0 0.53 0.22 "MIT"
"870" "UCRQ_YEAST" 0.57 0.6 0.54 0.17 0.5 0 0.52 0.22 "MIT"
"871" "UCR8_YEAST" 0.38 0.31 0.59 0.19 0.5 0 0.46 0.22 "MIT"
"872" "UCR9_YEAST" 0.68 0.53 0.44 0.31 0.5 0 0.51 0.22 "MIT"
"873" "RAD1_YEAST" 0.24 0.41 0.47 0.16 0.5 0 0.51 0.38 "NUC"
"874" "RA10_YEAST" 0.61 0.39 0.53 0.14 0.5 0 0.43 0.26 "NUC"
"875" "RA14_YEAST" 0.39 0.16 0.59 0.08 0.5 0 0.51 0.27 "NUC"
"876" "RA16_YEAST" 0.33 0.28 0.5 0.4 0.5 0 0.46 0.61 "NUC"
"877" "RA18_YEAST" 0.51 0.55 0.56 0.18 0.5 0 0.5 0.38 "NUC"
"878" "RAD2_YEAST" 0.39 0.44 0.54 0.24 0.5 0 0.51 0.49 "NUC"
"879" "RA23_YEAST" 0.43 0.48 0.53 0.18 0.5 0 0.46 0.22 "NUC"
"880" "RA26_YEAST" 0.47 0.43 0.48 0.16 0.5 0 0.46 0.27 "NUC"
"881" "RAD3_YEAST" 0.52 0.5 0.51 0.2 0.5 0 0.51 0.22 "NUC"
"882" "RAD4_YEAST" 0.33 0.28 0.52 0.15 0.5 0 0.51 0.86 "NUC"
"883" "RAD5_YEAST" 0.36 0.48 0.5 0.13 0.5 0 0.49 0.6 "NUC"
"884" "RA50_YEAST" 0.45 0.54 0.49 0.29 0.5 0 0.49 0.25 "NUC"
"885" "RA51_YEAST" 0.55 0.59 0.53 0.15 0.5 0 0.49 0.22 "NUC"
"886" "RA52_YEAST" 0.31 0.39 0.55 0.28 0.5 0 0.46 0.31 "NUC"
"887" "RA54_YEAST" 0.43 0.41 0.51 0.34 0.5 0 0.49 0.28 "NUC"
"888" "RA55_YEAST" 0.64 0.5 0.53 0.1 0.5 0 0.51 0.22 "NUC"
"889" "RA57_YEAST" 0.41 0.52 0.56 0.26 0.5 0 0.48 0.32 "NUC"
"890" "UBC2_YEAST" 0.48 0.47 0.59 0.41 0.5 0 0.56 0.27 "NUC"
"891" "RAD7_YEAST" 0.49 0.49 0.51 0.29 0.5 0 0.52 0.71 "NUC"
"892" "RAD9_YEAST" 0.41 0.52 0.51 0.22 0.5 0 0.52 0.44 "NUC"
"893" "SRS2_YEAST" 0.51 0.61 0.5 0.23 0.5 0 0.52 0.61 "NUC"
"894" "RAM1_YEAST" 0.59 0.47 0.51 0.53 0.5 0 0.53 0.26 "CYT"
"895" "RAM2_YEAST" 0.4 0.6 0.5 0.16 0.5 0 0.51 0.22 "CYT"
"896" "RAP1_YEAST" 0.54 0.53 0.53 0.17 0.5 0 0.51 0.39 "NUC"
"897" "RAS1_YEAST" 0.61 0.46 0.54 0.11 0.5 0 0.47 0.22 "CYT"
"898" "RAS2_YEAST" 0.66 0.55 0.54 0.18 0.5 0 0.43 0.22 "CYT"
"899" "RAT1_YEAST" 0.53 0.46 0.54 0.37 0.5 0 0.51 0.3 "NUC"
"900" "RCA1_YEAST" 0.41 0.41 0.43 0.61 0.5 0 0.53 0.22 "MIT"
"901" "REB1_YEAST" 0.58 0.31 0.6 0.12 0.5 0 0.47 0.33 "NUC"
"902" "R102_YEAST" 0.49 0.67 0.5 0.28 0.5 0 0.43 0.22 "NUC"
"903" "R104_YEAST" 0.44 0.33 0.55 0.16 0.5 0 0.49 0.22 "NUC"
"904" "R114_YEAST" 0.44 0.45 0.53 0.19 0.5 0 0.41 0.28 "NUC"
"905" "RED1_YEAST" 0.57 0.55 0.52 0.16 0.5 0 0.49 0.39 "NUC"
"906" "RER1_YEAST" 0.45 0.66 0.39 0.11 0.5 0 0.54 0.22 "ME3"
"907" "DPOX_YEAST" 0.32 0.49 0.53 0.28 0.5 0 0.5 0.5 "NUC"
"908" "RFA1_YEAST" 0.35 0.42 0.56 0.28 0.5 0 0.47 0.22 "NUC"
"909" "RFA2_YEAST" 0.46 0.41 0.58 0.1 0.5 0 0.48 0.22 "NUC"
"910" "RFA3_YEAST" 0.57 0.51 0.58 0.22 0.5 0 0.51 0.22 "NUC"
"911" "RFC2_YEAST" 0.47 0.47 0.54 0.19 0.5 0 0.51 0.33 "NUC"
"912" "RFC3_YEAST" 0.34 0.58 0.5 0.26 0.5 0 0.51 0.22 "NUC"
"913" "RFC4_YEAST" 0.55 0.45 0.58 0.25 0.5 0 0.49 0.22 "NUC"
"914" "RFT1_YEAST" 0.4 0.66 0.34 0.21 0.5 0 0.52 0.26 "NUC"
"915" "RGM1_YEAST" 0.42 0.21 0.59 0.3 0.5 0 0.47 0.27 "NUC"
"916" "RHO1_YEAST" 0.6 0.48 0.46 0.32 0.5 0 0.4 0.33 "CYT"
"917" "RHO2_YEAST" 0.64 0.44 0.51 0.35 0.5 0 0.53 0.22 "CYT"
"918" "RIF1_YEAST" 0.35 0.4 0.44 0.25 0.5 0 0.53 0.57 "NUC"
"919" "RIM1_YEAST" 0.55 0.38 0.64 0.42 0.5 0 0.47 0.22 "MIT"
"920" "RIM2_YEAST" 0.45 0.43 0.5 0.25 0.5 0 0.47 0.22 "MIT"
"921" "UCRI_YEAST" 0.47 0.53 0.48 0.51 0.5 0 0.54 0.22 "MIT"
"922" "RME1_YEAST" 0.45 0.49 0.57 0.25 0.5 0 0.48 0.22 "NUC"
"923" "RNA1_YEAST" 0.45 0.52 0.5 0.12 0.5 0 0.6 0.22 "CYT"
"924" "RN12_YEAST" 0.56 0.51 0.32 0.49 0.5 0 0.48 0.22 "NUC"
"925" "RN14_YEAST" 0.37 0.58 0.5 0.22 0.5 0 0.47 0.22 "NUC"
"926" "RN15_YEAST" 0.47 0.45 0.51 0.33 0.5 0 0.46 0.26 "NUC"
"927" "ROX1_YEAST" 0.5 0.36 0.64 0.37 0.5 0 0.37 0.33 "NUC"
"928" "ROX3_YEAST" 0.43 0.44 0.64 0.19 0.5 0 0.38 0.33 "NUC"
"929" "RS3A_YEAST" 0.38 0.4 0.59 0.25 0.5 0 0.44 0.22 "CYT"
"930" "RS3B_YEAST" 0.39 0.39 0.59 0.25 0.5 0 0.45 0.22 "CYT"
"931" "R13A_YEAST" 0.54 0.55 0.56 0.14 0.5 0 0.5 0.25 "CYT"
"932" "RL18_YEAST" 0.45 0.5 0.57 0.29 0.5 0 0.44 0.11 "CYT"
"933" "RL18_YEAST" 0.45 0.5 0.57 0.29 0.5 0 0.44 0.11 "CYT"
"934" "RS24_YEAST" 0.61 0.38 0.57 0.36 0.5 0 0.44 0.21 "CYT"
"935" "RS24_YEAST" 0.61 0.38 0.57 0.36 0.5 0 0.44 0.21 "CYT"
"936" "R17A_YEAST" 0.43 0.33 0.54 0.37 0.5 0 0.38 0.16 "CYT"
"937" "R17B_YEAST" 0.43 0.33 0.54 0.37 0.5 0 0.38 0.16 "CYT"
"938" "R61A_YEAST" 0.51 0.39 0.58 0.19 0.5 0 0.47 0.22 "CYT"
"939" "RPA9_YEAST" 0.72 0.51 0.52 0.08 0.5 0 0.54 0.22 "NUC"
"940" "RPA2_YEAST" 0.35 0.41 0.53 0.27 0.5 0 0.47 0.29 "NUC"
"941" "RPA1_YEAST" 0.56 0.49 0.54 0.15 0.5 0 0.5 0.35 "NUC"
"942" "RPA3_YEAST" 0.57 0.37 0.43 0.27 0.5 0 0.53 0.28 "NUC"
"943" "RPBX_YEAST" 0.57 0.49 0.61 0.26 0.5 0 0.52 0.22 "NUC"
"944" "RPBY_YEAST" 0.48 0.45 0.63 0.19 0.5 0 0.58 0.22 "NUC"
"945" "RPB2_YEAST" 0.34 0.48 0.47 0.19 0.5 0 0.5 0.3 "NUC"
"946" "RPB3_YEAST" 0.54 0.57 0.55 0.18 0.5 0 0.5 0.22 "NUC"
"947" "RPB4_YEAST" 0.38 0.44 0.55 0.44 0.5 0 0.47 0.51 "NUC"
"948" "RPB5_YEAST" 0.4 0.3 0.57 0.13 0.5 0 0.46 0.22 "NUC"
"949" "RPB6_YEAST" 0.27 0.31 0.55 0.13 0.5 0 0.5 0.22 "NUC"
"950" "RPB7_YEAST" 0.52 0.46 0.56 0.25 0.5 0 0.52 0.22 "NUC"
"951" "RPB8_YEAST" 0.44 0.5 0.55 0.24 0.5 0 0.48 0.22 "NUC"
"952" "RPB9_YEAST" 0.34 0.47 0.48 0.32 0.5 0 0.42 0.22 "NUC"
"953" "RPCX_YEAST" 0.5 0.56 0.63 0.25 0.5 0 0.42 0.22 "NUC"
"954" "RPC2_YEAST" 0.46 0.53 0.47 0.37 0.5 0 0.51 0.36 "NUC"
"955" "RPC9_YEAST" 0.31 0.6 0.65 0.18 0.5 0 0.46 0.22 "NUC"
"956" "RPC8_YEAST" 0.57 0.42 0.63 0.22 0.5 0 0.68 0.32 "NUC"
"957" "RPC6_YEAST" 0.37 0.45 0.53 0.14 0.5 0 0.49 0.22 "NUC"
"958" "RPC5_YEAST" 0.38 0.38 0.54 0.24 0.5 0 0.54 0.22 "NUC"
"959" "RPC4_YEAST" 0.36 0.49 0.55 0.21 0.5 0 0.55 0.33 "NUC"
"960" "RPC3_YEAST" 0.29 0.4 0.5 0.16 0.5 0 0.51 0.34 "NUC"
"961" "RPD3_YEAST" 0.37 0.3 0.51 0.15 0.5 0 0.58 0.26 "NUC"
"962" "RL1_YEAST" 0.35 0.33 0.48 0.42 0.5 0 0.47 0.43 "CYT"
"963" "RL15_YEAST" 0.46 0.35 0.69 0.18 0.5 0 0.3 0.25 "CYT"
"964" "RL15_YEAST" 0.46 0.35 0.69 0.18 0.5 0 0.3 0.25 "CYT"
"965" "R14A_YEAST" 0.57 0.43 0.52 0.3 0.5 0 0.37 0.11 "CYT"
"966" "R14B_YEAST" 0.57 0.43 0.52 0.3 0.5 0 0.37 0.11 "CYT"
"967" "RL12_YEAST" 0.59 0.51 0.48 0.12 0.5 0 0.54 0.31 "CYT"
"968" "RL12_YEAST" 0.59 0.51 0.48 0.12 0.5 0 0.54 0.31 "CYT"
"969" "RL16_YEAST" 0.61 0.53 0.59 0.17 0.5 0 0.44 0.28 "CYT"
"970" "RL1A_YEAST" 0.61 0.48 0.56 0.19 0.5 0 0.53 0.31 "CYT"
"971" "RL1A_YEAST" 0.61 0.48 0.56 0.19 0.5 0 0.53 0.31 "CYT"
"972" "R16A_YEAST" 0.44 0.56 0.52 0.18 0.5 0 0.5 0.11 "CYT"
"973" "R16B_YEAST" 0.36 0.56 0.52 0.18 0.5 0 0.45 0.16 "CYT"
"974" "RL17_YEAST" 0.37 0.44 0.64 0.48 0.5 0 0.36 0.27 "CYT"
"975" "RL19_YEAST" 0.72 0.37 0.63 0.38 0.5 0 0.4 0.14 "CYT"
"976" "RL19_YEAST" 0.72 0.37 0.63 0.38 0.5 0 0.4 0.14 "CYT"
"977" "RL25_YEAST" 0.44 0.36 0.64 0.45 0.5 0 0.53 0.11 "CYT"
"978" "RL27_YEAST" 0.58 0.45 0.55 0.27 0.5 0 0.48 0.11 "CYT"
"979" "RL2_YEAST" 0.63 0.64 0.45 0.26 0.5 0 0.43 0.22 "CYT"
"980" "RL2_YEAST" 0.63 0.64 0.45 0.26 0.5 0 0.43 0.22 "CYT"
"981" "RL3A_YEAST" 0.43 0.33 0.67 0.12 0.5 0 0.45 0.23 "CYT"
"982" "RL3B_YEAST" 0.43 0.33 0.67 0.12 0.5 0 0.43 0.23 "CYT"
"983" "RL3E_YEAST" 0.58 0.44 0.5 0.26 0.5 0 0.52 0.22 "CYT"
"984" "RL34_YEAST" 0.38 0.43 0.53 0.22 0.5 0 0.48 0.11 "CYT"
"985" "R37A_YEAST" 0.4 0.45 0.61 0.29 0.5 0 0.44 0.22 "CYT"
"986" "R37B_YEAST" 0.4 0.45 0.61 0.29 0.5 0 0.44 0.22 "CYT"
"987" "RL44_YEAST" 0.34 0.34 0.65 0.4 0.5 0 0.32 0.16 "CYT"
"988" "RL44_YEAST" 0.34 0.34 0.65 0.4 0.5 0 0.32 0.16 "CYT"
"989" "RL46_YEAST" 0.43 0.22 0.79 0.79 0.5 0 0.22 0 "CYT"
"990" "RL41_YEAST" 0.35 0.21 1 0.8 0.5 0 0.13 0.01 "CYT"
"991" "RL41_YEAST" 0.35 0.21 1 0.8 0.5 0 0.13 0.01 "CYT"
"992" "RL4A_YEAST" 0.56 0.35 0.47 0.41 0.5 0 0.5 0.22 "CYT"
"993" "RL4B_YEAST" 0.56 0.35 0.47 0.35 0.5 0 0.52 0.22 "CYT"
"994" "RL6_YEAST" 0.54 0.44 0.55 0.48 0.5 0 0.47 0.22 "CYT"
"995" "RL71_YEAST" 0.35 0.39 0.56 0.2 0.5 0 0.49 0.41 "CYT"
"996" "RL9_YEAST" 0.48 0.46 0.58 0.16 0.5 0 0.45 0.22 "CYT"
"997" "RLA0_YEAST" 0.48 0.55 0.48 0.1 0.5 0 0.55 0.22 "CYT"
"998" "RLA1_YEAST" 0.66 0.6 0.52 0.19 0.5 0 0.69 0.22 "CYT"
"999" "RLA2_YEAST" 0.69 0.54 0.55 0.23 0.5 0 0.73 0.22 "CYT"
"1000" "RLA3_YEAST" 0.73 0.6 0.47 0.2 0.5 0 0.72 0.22 "CYT"
"1001" "RLA4_YEAST" 0.78 0.82 0.56 0.21 0.5 0 0.69 0.22 "CYT"
"1002" "RPM2_YEAST" 0.42 0.49 0.49 0.36 0.5 0 0.57 0.26 "MIT"
"1003" "RPB1_YEAST" 0.44 0.62 0.53 0.27 0.5 0 0.49 0.22 "NUC"
"1004" "RPC1_YEAST" 0.56 0.61 0.52 0.19 0.5 0 0.52 0.32 "NUC"
"1005" "RPOM_YEAST" 0.47 0.56 0.46 0.5 0.5 0 0.51 0.22 "MIT"
"1006" "RS6_YEAST" 0.46 0.33 0.45 0.22 0.5 0 0.41 0.37 "CYT"
"1007" "R19A_YEAST" 0.52 0.43 0.61 0.22 0.5 0 0.45 0.22 "CYT"
"1008" "R19B_YEAST" 0.52 0.43 0.61 0.22 0.5 0 0.45 0.22 "CYT"
"1009" "RS41_YEAST" 0.32 0.44 0.54 0.21 0.5 0 0.4 0.19 "CYT"
"1010" "RS41_YEAST" 0.32 0.44 0.54 0.21 0.5 0 0.4 0.19 "CYT"
"1011" "RS15_YEAST" 0.48 0.41 0.52 0.33 0.5 0 0.51 0.26 "CYT"
"1012" "RS22_YEAST" 0.46 0.39 0.54 0.22 0.5 0 0.48 0.25 "CYT"
"1013" "RS22_YEAST" 0.46 0.39 0.54 0.22 0.5 0 0.48 0.25 "CYT"
"1014" "RS21_YEAST" 0.42 0.5 0.64 0.13 0.5 0 0.49 0.22 "CYT"
"1015" "R26A_YEAST" 0.46 0.54 0.59 0.41 0.5 0 0.53 0.21 "CYT"
"1016" "R26B_YEAST" 0.46 0.54 0.59 0.41 0.5 0 0.53 0.21 "CYT"
"1017" "R271_YEAST" 0.39 0.65 0.57 0.19 0.5 0 0.44 0.25 "CYT"
"1018" "R272_YEAST" 0.39 0.65 0.57 0.19 0.5 0 0.43 0.25 "CYT"
"1019" "RS28_YEAST" 0.38 0.5 0.52 0.44 0.5 0 0.54 0.11 "CYT"
"1020" "RS28_YEAST" 0.38 0.5 0.52 0.44 0.5 0 0.54 0.11 "CYT"
"1021" "RS3_YEAST" 0.51 0.52 0.58 0.17 0.5 0 0.47 0.28 "CYT"
"1022" "RS31_YEAST" 0.57 0.48 0.54 0.22 0.5 0 0.5 0.11 "CYT"
"1023" "RS33_YEAST" 0.5 0.5 0.62 0.23 0.5 0 0.35 0.11 "CYT"
"1024" "RS37_YEAST" 0.41 0.49 0.65 0.28 0.5 0 0.59 0.57 "CYT"
"1025" "RS4E_YEAST" 0.53 0.57 0.6 0.36 0.5 0 0.5 0.22 "CYT"
"1026" "RS4E_YEAST" 0.53 0.57 0.6 0.36 0.5 0 0.5 0.22 "CYT"
"1027" "RS8_YEAST" 0.37 0.3 0.62 0.43 0.5 0 0.44 0.39 "CYT"
"1028" "RS8_YEAST" 0.37 0.3 0.62 0.43 0.5 0 0.44 0.39 "CYT"
"1029" "RRN6_YEAST" 0.6 0.57 0.52 0.14 0.5 0 0.46 0.48 "NUC"
"1030" "RRN7_YEAST" 0.42 0.38 0.52 0.29 0.5 0 0.42 0.22 "NUC"
"1031" "RTG1_YEAST" 0.41 0.46 0.58 0.08 0.5 0 0.51 0.28 "NUC"
"1032" "R161_YEAST" 0.49 0.4 0.58 0.23 0.5 0 0.47 0.27 "CYT"
"1033" "R167_YEAST" 0.37 0.37 0.51 0.38 0.5 0 0.44 0.22 "CYT"
"1034" "RSD1_YEAST" 0.57 0.5 0.4 0.08 0.5 0 0.47 0.22 "ME3"
"1035" "FIMB_YEAST" 0.51 0.4 0.5 0.28 0.5 0 0.48 0.27 "CYT"
"1036" "SAC7_YEAST" 0.34 0.25 0.55 0.28 0.5 0 0.51 0.49 "CYT"
"1037" "SAG1_YEAST" 0.77 0.86 0.44 0.27 0.5 0 0.48 0.22 "ME1"
"1038" "SAR1_YEAST" 0.59 0.54 0.53 0.14 0.5 0 0.48 0.22 "CYT"
"1039" "SC25_YEAST" 0.5 0.48 0.48 0.23 0.5 0 0.53 0.68 "CYT"
"1040" "SCJ1_YEAST" 0.39 1 0.38 0.41 0.5 0 0.5 0.27 "MIT"
"1041" "PRCI_YEAST" 0.56 0.42 0.52 0.14 0.5 0 0.51 0.22 "CYT"
"1042" "TAT2_YEAST" 0.39 0.46 0.33 0.18 0.5 0 0.53 0.22 "ME3"
"1043" "SCO1_YEAST" 0.52 0.54 0.47 0.49 0.5 0 0.54 0.22 "MIT"
"1044" "S160_YEAST" 0.46 0.49 0.55 0.18 0.5 0 0.56 0.22 "NUC"
"1045" "DHSA_YEAST" 0.56 0.65 0.49 0.56 0.5 0 0.49 0.22 "MIT"
"1046" "DHSB_YEAST" 0.53 0.51 0.55 0.57 0.5 0 0.46 0.22 "MIT"
"1047" "SDH3_YEAST" 0.54 0.64 0.4 0.56 0.5 0 0.51 0.22 "MIT"
"1048" "SDH4_YEAST" 0.47 0.58 0.47 0.52 0.5 0 0.54 0.22 "MIT"
"1049" "SDHL_YEAST" 0.46 0.42 0.51 0.16 0.5 0 0.56 0.22 "CYT"
"1050" "SEC1_YEAST" 0.6 0.51 0.49 0.18 0.5 0 0.53 0.38 "CYT"
"1051" "SC11_YEAST" 0.85 0.66 0.49 0.18 0.5 0 0.51 0.22 "ME1"
"1052" "SC12_YEAST" 0.55 0.52 0.44 0.2 0.5 0 0.56 0.22 "ME2"
"1053" "SC13_YEAST" 0.49 0.38 0.56 0.09 0.5 0 0.46 0.22 "CYT"
"1054" "SC14_YEAST" 0.38 0.4 0.53 0.12 0.5 0 0.55 0.22 "CYT"
"1055" "SC15_YEAST" 0.55 0.55 0.52 0.13 0.5 0 0.53 0.25 "CYT"
"1056" "SC17_YEAST" 0.46 0.44 0.58 0.17 0.5 0 0.55 0.22 "CYT"
"1057" "SC18_YEAST" 0.34 0.46 0.52 0.19 0.5 0 0.53 0.26 "CYT"
"1058" "SEC2_YEAST" 0.58 0.56 0.46 0.14 0.5 0 0.51 0.22 "CYT"
"1059" "SC20_YEAST" 0.46 0.47 0.44 0.18 1 0 0.46 0.22 "ME2"
"1060" "SC21_YEAST" 0.44 0.71 0.5 0.21 0.5 0 0.54 0.27 "CYT"
"1061" "SC22_YEAST" 0.56 0.49 0.32 0.22 0.5 0 0.5 0.22 "ME2"
"1062" "SC23_YEAST" 0.41 0.49 0.47 0.09 0.5 0 0.49 0.22 "CYT"
"1063" "SEC4_YEAST" 0.44 0.51 0.53 0.3 0.5 0 0.53 0.22 "CYT"
"1064" "PMM_YEAST" 0.54 0.51 0.56 0.15 0.5 0 0.54 0.31 "CYT"
"1065" "SC59_YEAST" 0.51 0.51 0.32 0.27 0.5 0 0.54 0.22 "ME3"
"1066" "SEC6_YEAST" 0.46 0.38 0.51 0.2 0.5 0 0.51 0.22 "CYT"
"1067" "S61A_YEAST" 0.55 0.72 0.35 0.26 0.5 0 0.49 0.22 "ME3"
"1068" "SC62_YEAST" 0.54 0.44 0.35 0.19 0.5 0 0.51 0.27 "ME3"
"1069" "NPL1_YEAST" 0.65 0.66 0.37 0.12 0.5 0 0.52 0.27 "ME3"
"1070" "SC65_YEAST" 0.41 0.4 0.56 0.17 0.5 0 0.56 0.22 "CYT"
"1071" "SC66_YEAST" 0.39 0.71 0.38 0.14 0.5 0 0.5 0.22 "ME2"
"1072" "SEC7_YEAST" 0.37 0.42 0.46 0.15 0.5 0 0.51 0.31 "ME2"
"1073" "SC72_YEAST" 0.59 0.55 0.57 0.18 0.5 0 0.51 0.22 "CYT"
"1074" "SEC8_YEAST" 0.48 0.51 0.5 0.24 0.5 0 0.54 0.38 "CYT"
"1075" "SEC9_YEAST" 0.39 0.3 0.63 0.2 0.5 0 0.43 0.47 "CYT"
"1076" "TRAM_YEAST" 0.47 0.52 0.54 0.25 0.5 0 0.54 0.29 "MIT"
"1077" "SED1_YEAST" 0.77 0.82 0.4 0.36 0.5 0 0.38 0.22 "ME1"
"1078" "SED4_YEAST" 0.52 0.55 0.39 0.09 1 0 0.55 0.25 "ME3"
"1079" "SED5_YEAST" 0.42 0.28 0.33 0.23 0.5 0 0.39 0.26 "ME3"
"1080" "SEN1_YEAST" 0.47 0.37 0.46 0.28 0.5 0 0.52 0.99 "NUC"
"1081" "SEN2_YEAST" 0.48 0.5 0.47 0.29 0.5 0 0.46 0.27 "NUC"
"1082" "SYSC_YEAST" 0.3 0.33 0.55 0.12 0.5 0 0.53 0.38 "CYT"
"1083" "SFL1_YEAST" 0.49 0.49 0.52 0.18 0.5 0 0.51 0.25 "NUC"
"1084" "SFP1_YEAST" 0.54 0.59 0.57 0.34 0.5 0 0.49 0.22 "NUC"
"1085" "AMYG_YEAST" 0.7 0.78 0.53 0.24 0.5 0 0.48 0.22 "VAC"
"1086" "SGE1_YEAST" 0.85 0.69 0.34 0.31 0.5 0 0.57 0.3 "ME1"
"1087" "SHM1_YEAST" 0.56 0.59 0.45 0.15 0.5 0 0.54 0.22 "MIT"
"1088" "GLYM_YEAST" 0.47 0.56 0.53 0.44 0.5 0 0.53 0.22 "MIT"
"1089" "GLYC_YEAST" 0.53 0.49 0.47 0.21 0.5 0 0.53 0.22 "CYT"
"1090" "SHR3_YEAST" 0.7 0.57 0.34 0.19 0.5 0 0.53 0.27 "ME2"
"1091" "SIC1_YEAST" 0.42 0.43 0.67 0.7 0.5 0 0.42 0.25 "CYT"
"1092" "NOT4_YEAST" 0.47 0.44 0.53 0.18 0.5 0 0.47 0.29 "NUC"
"1093" "SIN3_YEAST" 0.4 0.49 0.53 0.23 0.5 0 0.44 0.26 "NUC"
"1094" "SIN4_YEAST" 0.45 0.65 0.51 0.17 0.5 0 0.49 0.22 "NUC"
"1095" "SIP2_YEAST" 0.42 0.42 0.55 0.31 0.5 0 0.43 0.22 "NUC"
"1096" "SIR1_YEAST" 0.45 0.41 0.53 0.49 0.5 0 0.49 0.31 "NUC"
"1097" "SIR2_YEAST" 0.42 0.28 0.49 0.22 0.5 0 0.55 0.34 "NUC"
"1098" "SIR3_YEAST" 0.47 0.5 0.47 0.22 0.5 0 0.53 0.45 "NUC"
"1099" "SIR4_YEAST" 0.33 0.42 0.55 0.23 0.5 0 0.52 0.43 "NUC"
"1100" "SIS1_YEAST" 0.56 0.55 0.57 0.15 0.5 0 0.54 0.25 "CYT"
"1101" "SIS2_YEAST" 0.37 0.47 0.49 0.12 0.5 0 0.47 0.31 "NUC"
"1102" "SKI3_YEAST" 0.32 0.6 0.48 0.13 0.5 0 0.53 0.22 "NUC"
"1103" "SKN1_YEAST" 0.38 0.42 0.31 0.35 0.5 0 0.52 0.22 "ME3"
"1104" "SKN7_YEAST" 0.46 0.56 0.56 0.25 0.5 0 0.43 0.22 "NUC"
"1105" "SKO1_YEAST" 0.47 0.55 0.57 0.17 0.5 0 0.52 0.66 "NUC"
"1106" "SLA1_YEAST" 0.37 0.55 0.52 0.13 0.5 0 0.42 0.8 "CYT"
"1107" "SLA2_YEAST" 0.46 0.48 0.38 0.22 0.5 0 0.39 0.45 "ME3"
"1108" "PLSC_YEAST" 0.8 0.69 0.53 0.33 0.5 0 0.51 0.22 "ME2"
"1109" "SLN1_YEAST" 0.52 0.65 0.36 0.37 0.5 0 0.52 0.34 "ME3"
"1110" "SLU7_YEAST" 0.19 0.16 0.68 0.36 0.5 0 0.49 0.21 "NUC"
"1111" "SLY1_YEAST" 0.64 0.31 0.53 0.15 0.5 0 0.53 0.31 "CYT"
"1112" "SLY4_YEAST" 0.4 0.43 0.36 0.33 0.5 0 0.51 0.22 "ME3"
"1113" "SMC1_YEAST" 0.47 0.56 0.51 0.2 0.5 0 0.52 0.59 "NUC"
"1114" "SMC2_YEAST" 0.4 0.75 0.44 0.12 0.5 0 0.49 0.22 "NUC"
"1115" "SMD1_YEAST" 0.48 0.55 0.58 0.18 0.5 0 0.38 0.69 "NUC"
"1116" "SMF1_YEAST" 0.57 0.51 0.34 0.13 0.5 0 0.53 0.27 "MIT"
"1117" "SMF2_YEAST" 0.23 0.37 0.32 0.13 0.5 0 0.53 0.22 "MIT"
"1118" "SMY1_YEAST" 0.54 0.5 0.51 0.26 0.5 0 0.52 0.22 "CYT"
"1119" "SMY2_YEAST" 0.6 0.64 0.56 0.36 0.5 0 0.46 0.27 "CYT"
"1120" "SNC1_YEAST" 0.27 0.41 0.24 0.2 0.5 0 0.49 0.22 "ME3"
"1121" "SNC2_YEAST" 0.25 0.35 0.22 0.18 0.5 0 0.46 0.22 "ME3"
"1122" "SNF1_YEAST" 0.39 0.45 0.51 0.29 0.5 0 0.54 0.22 "CYT"
"1123" "SNF2_YEAST" 0.33 0.47 0.55 0.24 0.5 0 0.45 0.67 "NUC"
"1124" "SNF3_YEAST" 0.37 0.4 0.38 0.18 0.5 0 0.51 0.22 "ME3"
"1125" "SNF4_YEAST" 0.43 0.47 0.47 0.18 0.5 0 0.47 0.22 "CYT"
"1126" "SNF5_YEAST" 0.66 0.43 0.57 0.6 0.5 0 0.19 0.33 "NUC"
"1127" "SNF6_YEAST" 0.55 0.4 0.62 0.22 0.5 0 0.37 0.28 "NUC"
"1128" "RU17_YEAST" 0.33 0.46 0.6 0.18 0.5 0 0.51 0.26 "NUC"
"1129" "SNP2_YEAST" 0.51 0.5 0.54 0.11 0.5 0 0.6 0.22 "NUC"
"1130" "YBC6_YEAST" 0.54 0.6 0.57 0.17 0.5 0 0.44 0.22 "NUC"
"1131" "SNQ2_YEAST" 0.45 0.57 0.38 0.28 0.5 0 0.53 0.31 "ME3"
"1132" "SODC_YEAST" 0.55 0.57 0.51 0.07 0.5 0 0.55 0.22 "CYT"
"1133" "SODM_YEAST" 0.54 0.47 0.58 0.4 0.5 0 0.46 0.27 "MIT"
"1134" "SOF1_YEAST" 0.36 0.32 0.55 0.27 0.5 0 0.47 0.43 "NUC"
"1135" "SOK1_YEAST" 0.46 0.41 0.45 0.23 0.5 0 0.48 0.22 "NUC"
"1136" "SON1_YEAST" 0.4 0.39 0.6 0.23 0.5 0 0.52 0.31 "NUC"
"1137" "RL35_YEAST" 0.52 0.47 0.58 0.18 0.5 0 0.34 0.11 "CYT"
"1138" "RL35_YEAST" 0.52 0.47 0.58 0.18 0.5 0 0.34 0.11 "CYT"
"1139" "SPA2_YEAST" 0.5 0.45 0.51 0.19 0.5 0 0.53 0.25 "CYT"
"1140" "SPB4_YEAST" 0.57 0.55 0.51 0.18 0.5 0 0.51 0.43 "NUC"
"1141" "SPK1_YEAST" 0.44 0.43 0.46 0.28 0.5 0 0.45 0.29 "NUC"
"1142" "SP11_YEAST" 0.46 0.5 0.5 0.28 0.5 0 0.5 0.37 "NUC"
"1143" "SPR1_YEAST" 0.66 0.65 0.54 0.4 0.5 0 0.51 0.22 "EXC"
"1144" "SS10_YEAST" 0.77 0.73 0.49 0.46 0.5 0 0.38 0.22 "EXC"
"1145" "SX18_YEAST" 0.38 0.58 0.46 0.21 0.5 0 0.52 0.22 "NUC"
"1146" "SX19_YEAST" 0.32 0.68 0.51 0.16 0.5 0.83 0.55 0.22 "POX"
"1147" "SP10_YEAST" 0.27 0.46 0.52 0.17 0.5 0 0.49 0.44 "NUC"
"1148" "SP14_YEAST" 0.52 0.45 0.45 0.13 0.5 0 0.48 0.22 "NUC"
"1149" "TF2D_YEAST" 0.37 0.29 0.45 0.15 0.5 0 0.49 0.22 "NUC"
"1150" "SPT2_YEAST" 0.37 0.48 0.67 0.37 0.5 0 0.56 0.62 "NUC"
"1151" "SP21_YEAST" 0.44 0.59 0.54 0.18 0.5 0 0.49 0.22 "NUC"
"1152" "SP23_YEAST" 0.48 0.65 0.36 0.24 0.5 0 0.54 0.31 "NUC"
"1153" "SPT3_YEAST" 0.59 0.49 0.45 0.22 0.5 0 0.45 0.31 "NUC"
"1154" "SPT4_YEAST" 0.73 0.52 0.59 0.25 0.5 0 0.51 0.22 "NUC"
"1155" "SPT5_YEAST" 0.5 0.43 0.5 0.17 0.5 0 0.46 0.47 "NUC"
"1156" "SPT6_YEAST" 0.23 0.13 0.51 0.16 0.5 0 0.53 0.51 "NUC"
"1157" "SPT7_YEAST" 0.49 0.6 0.54 0.35 0.5 0 0.53 0.46 "NUC"
"1158" "SPT8_YEAST" 0.52 0.31 0.56 0.16 0.5 0 0.55 0.22 "NUC"
"1159" "SRB2_YEAST" 0.49 0.48 0.51 0.21 0.5 0 0.53 0.22 "NUC"
"1160" "SRB4_YEAST" 0.49 0.6 0.42 0.18 0.5 0 0.58 0.28 "NUC"
"1161" "SRB5_YEAST" 0.6 0.62 0.54 0.11 0.5 0 0.51 0.22 "NUC"
"1162" "SRB6_YEAST" 0.55 0.47 0.53 0.2 0.5 0 0.4 0.22 "NUC"
"1163" "SCA1_YEAST" 0.47 0.32 0.51 0.24 0.5 0 0.54 0.27 "NUC"
"1164" "SRD1_YEAST" 0.53 0.25 0.59 0.27 0.5 0 0.45 0.26 "NUC"
"1165" "RCC_YEAST" 0.31 0.5 0.54 0.32 0.5 0 0.53 0.31 "NUC"
"1166" "SRPI_YEAST" 0.25 0.33 0.48 0.18 0.5 0 0.42 0.33 "NUC"
"1167" "SRPR_YEAST" 0.55 0.46 0.47 0.15 0.5 0 0.47 0.22 "ME3"
"1168" "SR14_YEAST" 0.61 0.5 0.61 0.21 0.5 0 0.55 0.54 "CYT"
"1169" "SR54_YEAST" 0.5 0.52 0.51 0.22 0.5 0 0.46 0.37 "CYT"
"1170" "SR68_YEAST" 0.62 0.33 0.49 0.24 0.5 0 0.51 0.42 "CYT"
"1171" "SR72_YEAST" 0.56 0.52 0.46 0.17 0.5 0 0.49 0.73 "CYT"
"1172" "CAP_YEAST" 0.52 0.56 0.55 0.16 0.5 0 0.53 0.39 "CYT"
"1173" "HS71_YEAST" 0.53 0.48 0.51 0.18 0.5 0 0.52 0.27 "CYT"
"1174" "HS72_YEAST" 0.51 0.48 0.51 0.19 0.5 0 0.51 0.27 "CYT"
"1175" "HS73_YEAST" 0.51 0.48 0.51 0.26 0.5 0 0.51 0.27 "CYT"
"1176" "HS74_YEAST" 0.53 0.48 0.51 0.18 0.5 0 0.51 0.27 "CYT"
"1177" "HS75_YEAST" 0.6 0.46 0.51 0.1 0.5 0 0.48 0.31 "CYT"
"1178" "HS76_YEAST" 0.6 0.46 0.51 0.1 0.5 0 0.48 0.31 "CYT"
"1179" "SSB1_YEAST" 0.44 0.39 0.63 0.11 0.5 0 0.49 0.26 "NUC"
"1180" "HS77_YEAST" 0.51 0.5 0.49 0.45 0.5 0 0.48 0.22 "MIT"
"1181" "SSD1_YEAST" 0.45 0.45 0.51 0.3 0.5 0 0.48 0.44 "CYT"
"1182" "RA25_YEAST" 0.38 0.42 0.47 0.12 0.5 0 0.47 0.53 "NUC"
"1183" "SSN6_YEAST" 0.19 0.66 0.6 0.14 0.5 0 0.2 0.25 "NUC"
"1184" "SSO1_YEAST" 0.41 0.42 0.23 0.16 0.5 0 0.4 0.22 "ME3"
"1185" "SSO2_YEAST" 0.25 0.42 0.21 0.14 0.5 0 0.41 0.22 "ME3"
"1186" "S120_YEAST" 0.7 0.58 0.53 0.39 0.5 0 0.59 0.22 "EXC"
"1187" "S61G_YEAST" 0.49 0.31 0.43 0.24 0.5 0 0.54 0.22 "ME3"
"1188" "SST2_YEAST" 0.46 0.41 0.43 0.18 0.5 0 0.54 0.22 "ME3"
"1189" "AMYH_YEAST" 0.83 0.81 0.45 0.38 0.5 0 0.4 0.26 "EXC"
"1190" "ST12_YEAST" 0.38 0.51 0.56 0.21 0.5 0 0.48 0.31 "NUC"
"1191" "DAP1_YEAST" 0.32 0.36 0.28 0.38 0.5 0 0.5 0.4 "ME3"
"1192" "ST14_YEAST" 0.4 0.65 0.38 0.17 0.5 0 0.57 0.22 "ME3"
"1193" "GBG_YEAST" 0.36 0.37 0.63 0.25 0.5 0 0.3 0.22 "CYT"
"1194" "STE2_YEAST" 0.49 0.55 0.41 0.19 0.5 0 0.48 0.31 "ME3"
"1195" "ST20_YEAST" 0.3 0.45 0.55 0.19 0.5 0 0.53 0.4 "CYT"
"1196" "STE3_YEAST" 0.88 0.72 0.32 0.3 0.5 0 0.52 0.33 "ME1"
"1197" "GBB_YEAST" 0.44 0.4 0.53 0.19 0.5 0 0.48 0.27 "CYT"
"1198" "STE5_YEAST" 0.45 0.57 0.52 0.21 0.5 0 0.54 0.38 "NUC"
"1199" "STE6_YEAST" 0.46 0.61 0.38 0.35 0.5 0 0.49 0.22 "ME3"
"1200" "STF1_YEAST" 0.55 0.41 0.67 0.61 0.5 0 0.49 0.14 "MIT"
"1201" "STF2_YEAST" 0.28 0.18 0.72 0.26 0.5 0 0.49 0.25 "MIT"
"1202" "STH1_YEAST" 0.66 0.65 0.53 0.17 0.5 0 0.47 0.66 "NUC"
"1203" "STL1_YEAST" 0.36 0.5 0.39 0.23 0.5 0 0.5 0.22 "ME3"
"1204" "STP1_YEAST" 0.48 0.54 0.56 0.29 0.5 0 0.51 0.43 "NUC"
"1205" "STU1_YEAST" 0.33 0.37 0.49 0.22 0.5 0 0.55 0.22 "CYT"
"1206" "STV1_YEAST" 0.58 0.43 0.32 0.11 0.5 0 0.49 0.22 "VAC"
"1207" "TF2B_YEAST" 0.58 0.64 0.42 0.3 0.5 0 0.54 0.22 "NUC"
"1208" "INV1_YEAST" 0.74 0.82 0.46 0.24 0.5 0 0.5 0.31 "EXC"
"1209" "INV2_YEAST" 0.74 0.82 0.46 0.24 0.5 0 0.48 0.22 "EXC"
"1210" "INV4_YEAST" 0.75 0.76 0.58 0.22 0.5 0 0.49 0.22 "EXC"
"1211" "SUG1_YEAST" 0.58 0.37 0.58 0.16 0.5 0 0.51 0.22 "NUC"
"1212" "SUI1_YEAST" 0.39 0.39 0.65 0.16 0.5 0 0.45 0.22 "CYT"
"1213" "IF2A_YEAST" 0.51 0.59 0.55 0.21 0.5 0 0.52 0.22 "CYT"
"1214" "IF2B_YEAST" 0.41 0.35 0.6 0.22 0.5 0 0.56 0.79 "CYT"
"1215" "SUL1_YEAST" 0.43 0.28 0.41 0.32 0.5 0 0.52 0.22 "ME3"
"1216" "SUP1_YEAST" 0.41 0.49 0.55 0.13 0.5 0 0.55 0.22 "CYT"
"1217" "SUP2_YEAST" 0.23 0.29 0.46 0 0.5 0 0.43 0.31 "CYT"
"1218" "RS4_YEAST" 0.25 0.48 0.45 0.32 0.5 0 0.4 0.22 "CYT"
"1219" "RS11_YEAST" 0.38 0.34 0.55 0.44 0.5 0 0.48 0.26 "CYT"
"1220" "SUV3_YEAST" 0.61 0.54 0.54 0.38 0.5 0 0.54 0.29 "MIT"
"1221" "ADR6_YEAST" 0.48 0.17 0.37 0.33 0.5 0 0.44 0.36 "NUC"
"1222" "SWI3_YEAST" 0.47 0.47 0.5 0.19 0.5 0 0.51 0.26 "NUC"
"1223" "SWI4_YEAST" 0.55 0.38 0.52 0.16 0.5 0 0.49 0.64 "NUC"
"1224" "SWI5_YEAST" 0.41 0.39 0.61 0.17 0.5 0 0.5 0.61 "NUC"
"1225" "SWI6_YEAST" 0.41 0.56 0.53 0.16 0.5 0 0.55 0.26 "NUC"
"1226" "OSTD_YEAST" 0.78 0.73 0.27 0.28 0.5 0 0.56 0.22 "ME1"
"1227" "SYG1_YEAST" 0.31 0.51 0.38 0.18 0.5 0 0.46 0.31 "ME3"
"1228" "TAL1_YEAST" 0.63 0.64 0.49 0.2 0.5 0 0.52 0.25 "CYT"
"1229" "VAL1_YEAST" 0.31 0.4 0.31 0.17 0.5 0 0.52 0.22 "ME3"
"1230" "TBF1_YEAST" 0.44 0.65 0.49 0.16 0.5 0 0.48 0.31 "NUC"
"1231" "RL3_YEAST" 0.48 0.44 0.46 0.37 0.5 0 0.46 0.36 "CYT"
"1232" "TCPA_YEAST" 0.5 0.49 0.46 0.22 0.5 0 0.53 0.25 "CYT"
"1233" "TCPE_YEAST" 0.62 0.42 0.47 0.16 0.5 0 0.52 0.22 "CYT"
"1234" "TCPB_YEAST" 0.5 0.45 0.52 0.18 0.5 0 0.52 0.22 "CYT"
"1235" "TCPG_YEAST" 0.59 0.51 0.47 0.21 0.5 0 0.47 0.22 "CYT"
"1236" "TCPD_YEAST" 0.39 0.47 0.49 0.2 0.5 0 0.53 0.26 "CYT"
"1237" "TCPZ_YEAST" 0.49 0.48 0.52 0.24 0.5 0 0.5 0.22 "CYT"
"1238" "G3P1_YEAST" 0.59 0.48 0.49 0.42 0.5 0 0.52 0.22 "CYT"
"1239" "G3P2_YEAST" 0.57 0.35 0.5 0.43 0.5 0 0.53 0.22 "CYT"
"1240" "G3P3_YEAST" 0.61 0.52 0.5 0.44 0.5 0 0.53 0.22 "CYT"
"1241" "TF3B_YEAST" 0.49 0.51 0.52 0.13 0.5 0 0.51 0.33 "NUC"
"1242" "TEC1_YEAST" 0.45 0.4 0.56 0.15 0.5 0 0.52 0.22 "NUC"
"1243" "EF1A_YEAST" 0.63 0.43 0.48 0.11 0.5 0 0.51 0.22 "CYT"
"1244" "EF1A_YEAST" 0.63 0.43 0.48 0.11 0.5 0 0.51 0.22 "CYT"
"1245" "EF1G_YEAST" 0.52 0.45 0.53 0.34 0.5 0 0.52 0.44 "CYT"
"1246" "EF1H_YEAST" 0.54 0.48 0.55 0.33 0.5 0 0.55 0.4 "CYT"
"1247" "T2EA_YEAST" 0.55 0.79 0.45 0.25 0.5 0 0.51 0.22 "NUC"
"1248" "YK42_YEAST" 0.58 0.51 0.63 0.2 0.5 0 0.5 0.42 "NUC"
"1249" "TFB1_YEAST" 0.63 0.58 0.57 0.1 0.5 0 0.52 0.33 "NUC"
"1250" "TFC1_YEAST" 0.54 0.67 0.56 0.15 0.5 0 0.57 0.33 "NUC"
"1251" "TF3A_YEAST" 0.41 0.59 0.65 0.14 0.5 0 0.49 0.33 "NUC"
"1252" "TFC3_YEAST" 0.47 0.38 0.5 0.15 0.5 0 0.49 0.47 "NUC"
"1253" "TFC4_YEAST" 0.33 0.17 0.52 0.13 0.5 0 0.51 0.75 "NUC"
"1254" "DKA1_YEAST" 0.42 0.5 0.59 0.17 0.5 0 0.51 0.22 "CYT"
"1255" "THRC_YEAST" 0.54 0.55 0.55 0.4 0.5 0 0.53 0.22 "CYT"
"1256" "SYTC_YEAST" 0.31 0.31 0.57 0.15 0.5 0 0.5 0.22 "CYT"
"1257" "IF4A_YEAST" 0.38 0.42 0.5 0.19 0.5 0 0.44 0.22 "CYT"
"1258" "IF1A_YEAST" 0.33 0.36 0.62 0.26 0.5 0 0.55 0.22 "CYT"
"1259" "IF4A_YEAST" 0.38 0.42 0.5 0.19 0.5 0 0.44 0.22 "CYT"
"1260" "TIF3_YEAST" 0.47 0.56 0.58 0.19 0.5 0 0.44 0.64 "CYT"
"1261" "IF41_YEAST" 0.32 0.32 0.52 0.18 0.5 0 0.48 0.34 "CYT"
"1262" "IF42_YEAST" 0.28 0.27 0.5 0.14 0.5 0 0.5 0.28 "CYT"
"1263" "IF5_YEAST" 0.41 0.46 0.57 0.25 0.5 0 0.57 0.38 "CYT"
"1264" "IF52_YEAST" 0.44 0.54 0.51 0.16 0.5 0 0.58 0.22 "CYT"
"1265" "IF51_YEAST" 0.44 0.55 0.51 0.16 0.5 0 0.6 0.22 "CYT"
"1266" "TIP1_YEAST" 0.77 0.7 0.44 0.29 0.5 0 0.56 0.22 "ME1"
"1267" "TP20_YEAST" 0.4 0.56 0.53 0.15 0.5 0 0.49 0.22 "CYT"
"1268" "SRP1_YEAST" 0.79 0.79 0.42 0.26 0.5 0 0.6 0.22 "ME1"
"1269" "SRP2_YEAST" 0.8 0.83 0.43 0.24 0.5 0 0.54 0.22 "ME1"
"1270" "TKT1_YEAST" 0.58 0.55 0.51 0.13 0.5 0 0.52 0.22 "CYT"
"1271" "TKT2_YEAST" 0.55 0.69 0.51 0.12 0.5 0 0.51 0.22 "CYT"
"1272" "TYSY_YEAST" 0.47 0.46 0.53 0.12 0.5 0 0.51 0.25 "NUC"
"1273" "TOA1_YEAST" 0.57 0.29 0.63 0.22 0.5 0 0.49 0.27 "NUC"
"1274" "TOA2_YEAST" 0.52 0.49 0.59 0.21 0.5 0 0.47 0.22 "NUC"
"1275" "TOP1_YEAST" 0.41 0.42 0.53 0.17 0.5 0 0.48 0.58 "NUC"
"1276" "TOP2_YEAST" 0.45 0.36 0.5 0.19 0.5 0 0.53 0.7 "NUC"
"1277" "TOP3_YEAST" 0.53 0.51 0.54 0.21 0.5 0 0.45 0.22 "NUC"
"1278" "TOR2_YEAST" 0.49 0.5 0.42 0.43 0.5 0 0.5 0.36 "VAC"
"1279" "TPIS_YEAST" 0.44 0.49 0.49 0.27 0.5 0 0.52 0.22 "CYT"
"1280" "KAPA_YEAST" 0.25 0.26 0.53 0.17 0.5 0 0.45 0.22 "CYT"
"1281" "KAPB_YEAST" 0.49 0.46 0.54 0.18 0.5 0 0.35 0.22 "CYT"
"1282" "KAPC_YEAST" 0.42 0.37 0.54 0.17 0.5 0 0.51 0.22 "CYT"
"1283" "TPM1_YEAST" 0.42 0.45 0.75 0.21 0.5 0 0.48 0.22 "CYT"
"1284" "TPM2_YEAST" 0.39 0.45 0.75 0.17 0.5 0 0.51 0.22 "CYT"
"1285" "TPS1_YEAST" 0.63 0.54 0.53 0.27 0.5 0 0.49 0.22 "CYT"
"1286" "TPS2_YEAST" 0.54 0.43 0.48 0.27 0.5 0 0.44 0.41 "CYT"
"1287" "TPS3_YEAST" 0.4 0.44 0.5 0.13 0.5 0 0.52 0.39 "CYT"
"1288" "TRK1_YEAST" 0.55 0.39 0.39 0.47 0.5 0 0.5 0.83 "ME3"
"1289" "TRK2_YEAST" 0.59 0.48 0.41 0.53 0.5 0 0.48 0.56 "ME3"
"1290" "TRNL_YEAST" 0.49 0.38 0.49 0.15 0.5 0 0.53 0.25 "NUC"
"1291" "TRM1_YEAST" 0.53 0.45 0.52 0.29 0.5 0 0.55 0.38 "MIT"
"1292" "TRPF_YEAST" 0.62 0.6 0.54 0.22 0.5 0 0.54 0.27 "CYT"
"1293" "TRPE_YEAST" 0.33 0.46 0.53 0.12 0.5 0 0.5 0.27 "CYT"
"1294" "TRPG_YEAST" 0.57 0.36 0.51 0.25 0.5 0 0.54 0.25 "CYT"
"1295" "TRPD_YEAST" 0.45 0.76 0.51 0.25 0.5 0 0.59 0.22 "CYT"
"1296" "TRP_YEAST" 0.48 0.44 0.51 0.24 0.5 0 0.49 0.22 "CYT"
"1297" "TSA_YEAST" 0.59 0.64 0.44 0.26 0.5 0 0.5 0.22 "CYT"
"1298" "TSL1_YEAST" 0.79 0.56 0.53 0.19 0.5 0 0.47 0.35 "CYT"
"1299" "TSM1_YEAST" 0.5 0.5 0.48 0.34 0.5 0 0.52 0.27 "NUC"
"1300" "TTP1_YEAST" 0.79 0.62 0.35 0.35 0.5 0 0.6 0.28 "ME2"
"1301" "GLRX_YEAST" 0.52 0.5 0.6 0.2 0.5 0 0.52 0.22 "CYT"
"1302" "TBA1_YEAST" 0.59 0.46 0.57 0.17 0.5 0 0.52 0.22 "CYT"
"1303" "TBB_YEAST" 0.53 0.42 0.53 0.19 0.5 0 0.47 0.22 "CYT"
"1304" "TBA3_YEAST" 0.59 0.46 0.55 0.17 0.5 0 0.52 0.25 "CYT"
"1305" "EFTU_YEAST" 0.61 0.73 0.5 0.58 0.5 0 0.5 0.22 "MIT"
"1306" "TUP1_YEAST" 0.5 0.43 0.56 0.17 0.5 0 0.35 0.22 "NUC"
"1307" "TYE7_YEAST" 0.36 0.52 0.61 0.33 0.5 0 0.52 0.37 "NUC"
"1308" "TYR1_YEAST" 0.66 0.54 0.53 0.17 0.5 0 0.54 0.22 "CYT"
"1309" "UBA1_YEAST" 0.52 0.51 0.48 0.12 0.5 0 0.54 0.31 "CYT"
"1310" "UBC1_YEAST" 0.56 0.46 0.51 0.25 0.5 0 0.54 0.22 "CYT"
"1311" "UBC4_YEAST" 0.47 0.46 0.49 0.27 0.5 0 0.59 0.22 "CYT"
"1312" "UBC5_YEAST" 0.5 0.46 0.49 0.27 0.5 0 0.6 0.22 "CYT"
"1313" "UBC6_YEAST" 0.43 0.48 0.36 0.26 0.5 0 0.52 0.22 "ME3"
"1314" "UBC7_YEAST" 0.5 0.44 0.57 0.28 0.5 0 0.57 0.22 "CYT"
"1315" "UBIQ_YEAST" 0.46 0.47 0.62 0.3 0.5 0 0.38 0.22 "CYT"
"1316" "UBP1_YEAST" 0.59 0.7 0.46 0.19 0.5 0 0.54 0.44 "CYT"
"1317" "UBP2_YEAST" 0.19 0.41 0.55 0.13 0.5 0 0.52 0.25 "CYT"
"1318" "UBP3_YEAST" 0.27 0.43 0.5 0.13 0.5 0 0.54 0.31 "CYT"
"1319" "UBR1_YEAST" 0.42 0.46 0.44 0.17 0.5 0 0.51 0.42 "CYT"
"1320" "UGA3_YEAST" 0.49 0.36 0.47 0.28 0.5 0 0.56 0.54 "NUC"
"1321" "UGA4_YEAST" 0.42 0.51 0.33 0.16 0.5 0 0.54 0.22 "ME3"
"1322" "UME5_YEAST" 0.34 0.42 0.48 0.19 0.5 0 0.46 0.31 "NUC"
"1323" "UME6_YEAST" 0.6 0.57 0.63 0.22 0.5 0 0.5 0.49 "NUC"
"1324" "UNG_YEAST" 0.53 0.44 0.54 0.52 0.5 0 0.49 0.38 "NUC"
"1325" "PYRD_YEAST" 0.48 0.39 0.56 0.23 0.5 0 0.6 0.22 "CYT"
"1326" "PYR1_YEAST" 0.56 0.49 0.47 0.13 0.5 0 0.52 0.22 "NUC"
"1327" "UMPK_YEAST" 0.47 0.59 0.56 0.09 0.5 0 0.5 0.22 "CYT"
"1328" "RL21_YEAST" 0.4 0.28 0.58 0.44 0.5 0 0.41 0.22 "CYT"
"1329" "RSU2_YEAST" 0.54 0.35 0.55 0.19 0.5 0 0.3 0.22 "CYT"
"1330" "USO1_YEAST" 0.5 0.47 0.45 0.14 0.5 0 0.53 0.32 "ME3"
"1331" "YEU2_YEAST" 0.55 0.49 0.6 0.18 0.5 0 0.51 0.22 "NUC"
"1332" "VAC1_YEAST" 0.55 0.44 0.5 0.09 0.5 0 0.55 0.22 "VAC"
"1333" "RMAR_YEAST" 0.66 0.37 0.6 0.25 0.5 0 0.69 0.22 "MIT"
"1334" "SYV_YEAST" 0.51 0.49 0.48 0.55 0.5 0 0.52 0.58 "CYT"
"1335" "VATA_YEAST" 0.36 0.51 0.51 0.17 0.5 0 0.52 0.22 "VAC"
"1336" "VM11_YEAST" 0.68 0.68 0.35 0.16 0.5 0 0.62 0.22 "VAC"
"1337" "VATB_YEAST" 0.44 0.35 0.55 0.14 0.5 0 0.52 0.22 "VAC"
"1338" "VATL_YEAST" 0.73 0.59 0.35 0.15 0.5 0 0.54 0.22 "VAC"
"1339" "VATE_YEAST" 0.6 0.37 0.52 0.15 0.5 0 0.55 0.26 "VAC"
"1340" "VATC_YEAST" 0.64 0.61 0.56 0.15 0.5 0 0.54 0.22 "VAC"
"1341" "VATX_YEAST" 0.48 0.58 0.58 0.12 0.5 0 0.49 0.22 "VAC"
"1342" "VATF_YEAST" 0.65 0.58 0.53 0.21 0.5 0 0.51 0.22 "VAC"
"1343" "VATD_YEAST" 0.48 0.49 0.49 0.26 0.5 0 0.39 0.27 "VAC"
"1344" "VPH1_YEAST" 0.57 0.54 0.32 0.15 0.5 0 0.52 0.25 "VAC"
"1345" "VM12_YEAST" 0.4 0.36 0.32 0.16 0.5 0 0.51 0.27 "VAC"
"1346" "VPS1_YEAST" 0.5 0.55 0.52 0.16 0.5 0 0.51 0.31 "CYT"
"1347" "VP15_YEAST" 0.65 0.63 0.47 0.22 0.5 0 0.52 0.27 "CYT"
"1348" "VP16_YEAST" 0.41 0.48 0.51 0.2 0.5 0 0.51 0.22 "CYT"
"1349" "VP17_YEAST" 0.25 0.4 0.54 0.16 0.5 0 0.43 0.22 "CYT"
"1350" "YP51_YEAST" 0.63 0.56 0.52 0.21 0.5 0 0.5 0.22 "CYT"
"1351" "SLP1_YEAST" 0.56 0.68 0.42 0.36 0.5 0 0.49 0.22 "CYT"
"1352" "VP34_YEAST" 0.57 0.47 0.48 0.17 0.5 0 0.52 0.26 "VAC"
"1353" "VP45_YEAST" 0.46 0.52 0.51 0.13 0.5 0 0.47 0.22 "CYT"
"1354" "VRP1_YEAST" 0.5 0.4 0.57 0.17 0.5 0 0.59 0.22 "CYT"
"1355" "OSTB_YEAST" 0.78 0.71 0.35 0.25 0.5 0 0.49 0.22 "ME1"
"1356" "XRS2_YEAST" 0.64 0.56 0.52 0.17 0.5 0 0.54 0.47 "NUC"
"1357" "YAA7_YEAST" 1 0.8 0.29 0.36 0.5 0 0.52 0.22 "ME1"
"1358" "YAB1_YEAST" 0.51 0.39 0.56 0.55 0.5 0 0.46 0.64 "MIT"
"1359" "YAB8_YEAST" 0.69 0.66 0.36 0.09 0.5 0 0.56 0.22 "ME1"
"1360" "YAB9_YEAST" 0.4 0.45 0.45 0.15 0.5 0 0.53 0.48 "NUC"
"1361" "YAC2_YEAST" 0.49 0.53 0.36 0.15 0.5 0 0.52 0.27 "ME3"
"1362" "YAE2_YEAST" 0.39 0.63 0.41 0.27 0.5 0 0.49 0.22 "ME3"
"1363" "YAF1_YEAST" 0.45 0.51 0.43 0.22 0.5 0 0.57 0.22 "NUC"
"1364" "YAF3_YEAST" 0.77 0.78 0.27 0.37 0.5 0 0.49 0.22 "ME1"
"1365" "YAG3_YEAST" 0.88 0.75 0.41 0.36 0.5 0 0.43 0.22 "ME2"
"1366" "YAG7_YEAST" 0.49 0.49 0.4 0.2 0.5 0 0.48 0.26 "ME3"
"1367" "PDR4_YEAST" 0.57 0.53 0.6 0.28 0.5 0 0.52 0.45 "NUC"
"1368" "AP17_YEAST" 0.53 0.52 0.49 0.27 0.5 0 0.51 0.22 "CYT"
"1369" "AP19_YEAST" 0.5 0.47 0.56 0.31 0.5 0 0.56 0.26 "CYT"
"1370" "YAP3_YEAST" 0.71 0.79 0.41 0.38 0.5 0 0.54 0.22 "ME1"
"1371" "AP54_YEAST" 0.33 0.49 0.46 0.22 0.5 0 0.53 0.33 "ME3"
"1372" "ADB1_YEAST" 0.47 0.41 0.46 0.18 0.5 0 0.53 0.22 "ME3"
"1373" "CACM_YEAST" 0.45 0.39 0.46 0.29 0.5 0 0.42 0.22 "MIT"
"1374" "FMT_YEAST" 0.59 0.56 0.5 0.48 0.5 0 0.46 0.22 "MIT"
"1375" "YBC4_YEAST" 0.32 0.3 0.57 0.38 0.5 0 0.5 0.25 "NUC"
"1376" "YBE2_YEAST" 0.26 0.3 0.37 0.15 0.5 0 0.53 0.25 "ME3"
"1377" "YBG6_YEAST" 0.28 0.41 0.46 0.18 0.5 0 0.47 0.39 "NUC"
"1378" "YBI8_YEAST" 0.45 0.5 0.43 0.16 0.5 0 0.52 0.28 "ME3"
"1379" "RL3P_YEAST" 0.24 0.25 0.57 0.28 0.5 0 0.51 0.11 "CYT"
"1380" "MRF1_YEAST" 0.46 0.61 0.55 0.29 0.5 0 0.49 0.22 "MIT"
"1381" "YBT6_YEAST" 0.54 0.44 0.38 0.22 0.5 0 0.54 0.3 "ME3"
"1382" "YBY2_YEAST" 0.22 0.53 0.36 0.22 0.5 0 0.54 0.31 "ME3"
"1383" "YB00_YEAST" 0.25 0.41 0.47 0.14 0.5 0 0.56 0.68 "NUC"
"1384" "YB30_YEAST" 0.43 0.41 0.37 0.18 0.5 0 0.54 0.31 "ME3"
"1385" "YB32_YEAST" 0.4 0.44 0.47 0.25 0.5 0 0.54 0.56 "NUC"
"1386" "YB33_YEAST" 0.46 0.59 0.38 0.12 0.5 0 0.5 0.22 "ME3"
"1387" "YB37_YEAST" 0.8 0.82 0.4 0.31 0.5 0 0.57 0.25 "ME1"
"1388" "YB48_YEAST" 0.29 0.39 0.46 0.36 0.5 0 0.51 0.22 "NUC"
"1389" "YB54_YEAST" 0.4 0.4 0.43 0.19 0.5 0.83 0.48 0.22 "POX"
"1390" "YB72_YEAST" 0.57 0.52 0.46 0.2 0.5 0.83 0.52 0.41 "POX"
"1391" "YB91_YEAST" 0.43 0.6 0.4 0.12 0.5 0 0.49 0.29 "ME3"
"1392" "YB8E_YEAST" 0.56 0.71 0.47 0.21 0.5 0 0.52 0.22 "MIT"
"1393" "YB8G_YEAST" 0.65 0.62 0.26 0.33 0.5 0 0.55 0.22 "ME3"
"1394" "YB8I_YEAST" 0.77 0.7 0.37 0.12 0.5 0 0.49 0.26 "ME1"
"1395" "YCFI_YEAST" 0.47 0.61 0.32 0.27 0.5 0 0.5 0.3 "ME3"
"1396" "YCK1_YEAST" 0.71 0.51 0.49 0.23 0.5 0 0.3 0.32 "ME2"
"1397" "YCK2_YEAST" 0.59 0.48 0.49 0.49 0.5 0 0.36 0.32 "CYT"
"1398" "YCA9_YEAST" 0.58 0.63 0.52 0.7 0.5 0 0.46 0.22 "MIT"
"1399" "YCD8_YEAST" 0.3 0.68 0.41 0.17 0.5 0 0.51 0.22 "ME3"
"1400" "YCG9_YEAST" 0.74 0.73 0.32 0.2 0.5 0 0.55 0.22 "ME1"
"1401" "YCH0_YEAST" 0.55 0.35 0.36 0.29 0.5 0 0.51 0.22 "ME3"
"1402" "YCQ0_YEAST" 0.35 0.32 0.31 0.16 0.5 0 0.56 0.22 "ME3"
"1403" "YCQ7_YEAST" 0.67 0.61 0.39 0.24 0.5 0 0.51 0.22 "ME3"
"1404" "YCR3_YEAST" 0.69 0.57 0.39 0.19 0.5 0 0.48 0.39 "ME2"
"1405" "SYN_YEAST" 0.47 0.41 0.53 0.27 0.5 0 0.47 0.25 "MIT"
"1406" "YCR8_YEAST" 0.39 0.56 0.34 0.18 0.5 0 0.49 0.22 "ME3"
"1407" "YCS4_YEAST" 0.51 0.38 0.42 0.21 0.5 0 0.46 0.34 "ME3"
"1408" "YCT8_YEAST" 0.32 0.45 0.39 0.14 0.5 0 0.45 0.22 "ME3"
"1409" "YCV1_YEAST" 0.75 0.73 0.35 0.33 0.5 0 0.49 0.28 "ME1"
"1410" "YCW2_YEAST" 0.54 0.54 0.56 0.18 0.5 0 0.46 0.29 "NUC"
"1411" "YCX9_YEAST" 0.71 0.64 0.42 0.28 0.5 0 0.43 0.22 "EXC"
"1412" "YCY8_YEAST" 0.28 0.48 0.36 0.16 0.5 0 0.53 0.22 "ME3"
"1413" "YCZ6_YEAST" 0.58 0.44 0.45 0.32 0.5 0 0.52 0.37 "NUC"
"1414" "YD66_YEAST" 0.52 0.65 0.36 0.26 0.5 0 0.44 0.22 "ME3"
"1415" "MAS5_YEAST" 0.64 0.44 0.56 0.15 0.5 0 0.56 0.22 "CYT"
"1416" "EF3_YEAST" 0.48 0.58 0.47 0.17 0.5 0 0.53 0.74 "CYT"
"1417" "YEA6_YEAST" 0.42 0.71 0.45 0.15 0.5 0 0.48 0.22 "ME3"
"1418" "YEP0_YEAST" 0.38 0.37 0.36 0.14 0.5 0 0.54 0.22 "ME3"
"1419" "YE14_YEAST" 0.4 0.4 0.44 0.37 0.5 0 0.53 0.25 "NUC"
"1420" "YGL1_YEAST" 0.38 0.56 0.38 0.16 0.5 0 0.53 0.22 "ME3"
"1421" "YGP1_YEAST" 0.8 0.79 0.43 0.25 0.5 0 0.52 0.22 "EXC"
"1422" "YHA8_YEAST" 0.63 0.65 0.42 0.18 0.5 0 0.54 0.27 "ME3"
"1423" "YHA9_YEAST" 0.47 0.4 0.63 0.19 0.5 0 0.52 0.32 "NUC"
"1424" "YHB7_YEAST" 0.83 0.94 0.32 0.21 0.5 0 0.51 0.22 "ME1"
"1425" "YHC6_YEAST" 0.61 0.76 0.3 0.16 0.5 0 0.45 0.41 "ME3"
"1426" "RIMI_YEAST" 0.33 0.38 0.47 0.14 0.5 0 0.51 0.47 "NUC"
"1427" "YHD5_YEAST" 0.38 0.67 0.33 0.17 0.5 0 0.51 0.22 "ME3"
"1428" "YHE0_YEAST" 0.39 0.33 0.33 0.23 0.5 0 0.47 0.22 "ME3"
"1429" "YHF0_YEAST" 0.5 0.63 0.45 0.13 0.5 0 0.45 0.32 "ME3"
"1430" "YHG2_YEAST" 0.2 0.6 0.5 0.29 0.5 0 0.51 0.22 "ME3"
"1431" "YHI7_YEAST" 0.29 0.26 0.43 0.17 0.5 0 0.55 0.3 "ME3"
"1432" "YHJ2_YEAST" 0.51 0.46 0.41 0.36 0.5 0 0.49 0.22 "ME3"
"1433" "YHK5_YEAST" 0.92 0.66 0.52 0.23 0.5 0 0.53 0.22 "ME1"
"1434" "YHK8_YEAST" 0.49 0.56 0.37 0.2 0.5 0 0.53 0.22 "ME3"
"1435" "YHN8_YEAST" 0.86 0.78 0.34 0.15 0.5 0 0.53 0.22 "ME2"
"1436" "YHP0_YEAST" 0.38 0.44 0.57 0.14 0.5 0 0.53 0.52 "NUC"
"1437" "YHQ1_YEAST" 0.72 0.73 0.41 0.28 0.5 0 0.44 0.22 "ME1"
"1438" "YHR0_YEAST" 0.8 0.73 0.47 0.19 0.5 0 0.49 0.22 "ME1"
"1439" "YHT3_YEAST" 0.49 0.55 0.35 0.23 0.5 0 0.57 0.22 "ME3"
"1440" "YHU0_YEAST" 0.63 0.71 0.44 0.53 0.5 0 0.52 0.22 "ME2"
"1441" "YHU2_YEAST" 0.6 0.68 0.3 0.27 0.5 0 0.55 0.22 "ME3"
"1442" "YHX8_YEAST" 0.4 0.43 0.49 0.17 0.5 0 0.51 0.36 "NUC"
"1443" "YHY0_YEAST" 0.82 0.63 0.47 0.18 0.5 0 0.5 0.22 "POX"
"1444" "YHY1_YEAST" 0.77 0.68 0.35 0.19 0.5 0 0.53 0.43 "ME1"
"1445" "YIA6_YEAST" 0.51 0.59 0.46 0.13 0.5 0 0.48 0.22 "MIT"
"1446" "YIB3_YEAST" 0.52 0.46 0.34 0.2 0.5 0 0.51 0.25 "ME3"
"1447" "YIF2_YEAST" 0.47 0.5 0.6 0.63 0.5 0 0.38 0.16 "CYT"
"1448" "YIG3_YEAST" 0.34 0.24 0.51 0.15 0.5 0 0.54 0.4 "NUC"
"1449" "YIN0_YEAST" 0.35 0.29 0.46 0.14 0.5 0 0.54 0.66 "NUC"
"1450" "YIN4_YEAST" 0.58 0.67 0.49 0.16 0.5 0 0.47 0.28 "MIT"
"1451" "YIR3_YEAST" 0.85 0.85 0.3 0.31 0.5 0 0.55 0.42 "ME1"
"1452" "YKJ5_YEAST" 0.36 0.48 0.61 0.26 0.5 0 0.5 0.16 "NUC"
"1453" "YKA5_YEAST" 0.41 0.25 0.59 0.44 0.5 0 0.6 0.69 "NUC"
"1454" "YKA8_YEAST" 0.3 0.37 0.4 0.45 0.5 0 0.48 0.41 "ME3"
"1455" "MAOX_YEAST" 0.57 0.59 0.49 0.86 0.5 0 0.47 0.22 "NUC"
"1456" "YKD8_YEAST" 0.38 0.4 0.39 0.19 0.5 0 0.46 0.62 "NUC"
"1457" "YKE6_YEAST" 0.77 0.74 0.37 0.29 0.5 0 0.45 0.22 "ME1"
"1458" "TCTP_YEAST" 0.47 0.38 0.58 0.19 0.5 0 0.57 0.22 "CYT"
"1459" "PMT_YEAST" 0.5 0.61 0.44 0.2 0.5 0 0.49 0.22 "MIT"
"1460" "YKM9_YEAST" 0.41 0.45 0.46 0.23 0.5 0 0.5 0.7 "CYT"
"1461" "YKN4_YEAST" 0.46 0.62 0.46 0.54 0.5 0 0.51 0.27 "MIT"
"1462" "YKS8_YEAST" 0.74 0.75 0.45 0.44 0.5 0 0.52 0.22 "POX"
"1463" "ACP_YEAST" 0.52 0.53 0.58 0.69 0.5 0 0.5 0.22 "MIT"
"1464" "YKW2_YEAST" 0.41 0.47 0.5 0.14 0.5 0 0.53 0.37 "NUC"
"1465" "YKY8_YEAST" 0.25 0.4 0.52 0.15 0.5 0 0.56 0.28 "NUC"
"1466" "YK44_YEAST" 0.58 0.56 0.38 0.39 0.5 0 0.54 0.57 "NUC"
"1467" "YK68_YEAST" 0.32 0.29 0.29 0.08 0.5 0 0.52 0.22 "ME3"
"1468" "RL13_YEAST" 0.38 0.48 0.57 0.3 0.5 0 0.41 0.11 "CYT"
"1469" "YMC1_YEAST" 0.39 0.58 0.47 0.18 0.5 0 0.48 0.22 "MIT"
"1470" "YMC2_YEAST" 0.38 0.47 0.47 0.18 0.5 0 0.44 0.26 "MIT"
"1471" "YME1_YEAST" 0.63 0.57 0.5 0.48 0.5 0 0.51 0.22 "MIT"
"1472" "RMR3_YEAST" 0.51 0.45 0.62 0.25 0.5 0 0.59 0.22 "MIT"
"1473" "YOX1_YEAST" 0.59 0.67 0.54 0.19 0.5 0 0.48 0.6 "NUC"
"1474" "YPT1_YEAST" 0.6 0.61 0.54 0.11 0.5 0 0.46 0.22 "CYT"
"1475" "YP52_YEAST" 0.48 0.61 0.57 0.17 0.5 0 0.45 0.22 "CYT"
"1476" "YP53_YEAST" 0.71 0.5 0.5 0.18 0.5 0 0.46 0.22 "CYT"
"1477" "YPT7_YEAST" 0.61 0.48 0.54 0.25 0.5 0 0.5 0.22 "CYT"
"1478" "R29A_YEAST" 0.38 0.32 0.64 0.41 0.5 0 0.44 0.11 "CYT"
"1479" "R29B_YEAST" 0.38 0.4 0.66 0.35 0.5 0 0.43 0.11 "CYT"
"1480" "YUR1_YEAST" 0.81 0.62 0.43 0.17 0.5 0 0.53 0.22 "ME2"
"1481" "ZIP1_YEAST" 0.47 0.43 0.61 0.4 0.5 0 0.48 0.47 "NUC"
"1482" "ZNRP_YEAST" 0.67 0.57 0.36 0.19 0.5 0 0.56 0.22 "ME2"
"1483" "ZUO1_YEAST" 0.43 0.4 0.6 0.16 0.5 0 0.53 0.39 "NUC"
"1484" "G6PD_YEAST" 0.65 0.54 0.54 0.13 0.5 0 0.53 0.22 "CYT"
